  3.1210700000000e+01  lsd.10105          3 -2.9094773337000e-05  2.1165960902831e+01  9.9034050951509e+01  1.0706102940949e-01  1.3231926044454e-01
  6.3209900000000e+01  lsf.10205          3  2.1770579958300e-05  1.0011074955084e+02  2.1021963330173e+01  2.4522797443804e-01  2.4174057191124e-01
  9.5206100000000e+01  lsd.10305          3 -3.4673663010000e-05  2.1147679575651e+01  1.0117408549002e+02  3.5356997548119e-01  3.7950764625632e-01
  2.5519610000000e+02  lsf.10805          3  1.6771440111570e-05  1.0010106199395e+02  2.1390269786796e+01  9.8487359137340e-01  9.7896583613582e-01
  3.5118770000000e+02  lsd.11105          3 -3.4673663010000e-05  2.1148227482652e+01  1.0103279209225e+02  1.3396648608174e+00  1.3644767563515e+00
  3.8318690000000e+02  lsf.11205          3  1.6771440111570e-05  1.0009727365596e+02  2.1405735883443e+01  1.4779232707316e+00  1.4714490732858e+00
  4.1518310000000e+02  lsd.11305          3 -2.9094773337000e-05  2.1165140348250e+01  9.9245589340812e+01  1.5862207704797e+00  1.6093241115884e+00
  4.4718230000000e+02  lsf.11405          3  2.1770579958300e-05  1.0012218480832e+02  2.0972966211133e+01  1.7243806258521e+00  1.7187584764320e+00
  4.7918050000000e+02  lsd.11505          3 -3.4673663010000e-05  2.1146106976486e+01  1.0100619379962e+02  1.8327286325038e+00  1.8569388782513e+00
  6.3917060000000e+02  lsf.12005          3  1.6771440111570e-05  1.0010455514116e+02  2.1435746453000e+01  2.4624068960128e+00  2.4539992915047e+00
  7.3516020000000e+02  lsd.12305          3 -3.4673663010000e-05  2.1158620883804e+01  1.0085300524651e+02  2.8172402284561e+00  2.8393800380195e+00
  7.6715940000000e+02  lsf.12405          3  1.6771440111570e-05  1.0009519152477e+02  2.1438762070979e+01  2.9554543843576e+00  2.9463675154810e+00
  7.9915560000000e+02  lsd.12505          3 -2.9094773337000e-05  2.1154809797150e+01  9.9435317159234e+01  3.0637846770127e+00  3.0839200854284e+00
  8.3115480000000e+02  lsf.12605          3  2.1770579958300e-05  1.0012208559522e+02  2.0942324828013e+01  3.2019905109977e+00  3.1933251879567e+00
  8.6315100000000e+02  lsd.12705          3 -3.4673663010000e-05  2.1158840943804e+01  1.0075153487751e+02  3.3102912202700e+00  3.3318419549673e+00
  1.0231410000000e+03  lsf.13205          3  1.6771440111570e-05  1.0009654459379e+02  2.1454434736088e+01  3.9415532811009e+00  3.9313684848559e+00
  1.1191326000000e+03  lsd.13505          3 -3.4673663010000e-05  2.1159232181945e+01  1.0053232345038e+02  4.2963934076343e+00  4.3167419261508e+00
  1.1511338000000e+03  lsf.13605          3  1.6771440111570e-05  1.0010659292143e+02  2.1456374731295e+01  4.4346059865164e+00  4.4238870948855e+00
  1.1831280000000e+03  lsd.20105          3 -2.9094773337000e-05  2.1154223872442e+01  9.9763511065998e+01  4.5429334856010e+00  4.5610317671451e+00
  1.2151272000000e+03  lsf.20205          3  2.1770579958300e-05  1.0011977139364e+02  2.0925887555189e+01  4.6811440967363e+00  4.6702730597554e+00
  1.2471234000000e+03  lsd.20305          3 -3.4673663010000e-05  2.1159400378064e+01  1.0041657515341e+02  4.7894445918127e+00  4.8091792295924e+00
  1.4071134000000e+03  lsf.20805          3  1.6771440111570e-05  1.0009925680779e+02  2.1460071438908e+01  5.4207020434398e+00  5.4088822075643e+00
  1.5031050000000e+03  lsd.21105          3 -3.4673663010000e-05  2.1159675524201e+01  1.0017804492876e+02  5.7755471093341e+00  5.7940271586621e+00
  1.5351042000000e+03  lsf.21205          3  1.6771440111570e-05  1.0010031601043e+02  2.1457094198053e+01  5.9137517657772e+00  5.9013866815752e+00
  1.5671024000000e+03  lsd.21305          3 -2.9094773337000e-05  2.1151491667692e+01  1.0012979516240e+02  6.0220968477321e+00  6.0382256387141e+00
  1.5990996000000e+03  lsf.21405          3  2.1770579958300e-05  1.0011670764347e+02  2.0931166605285e+01  6.1602971193567e+00  6.1472147445850e+00
  1.6310979000000e+03  lsd.21505          3 -3.4673663010000e-05  2.1157170401474e+01  1.0011418255585e+02  6.2686153445198e+00  6.2864236335512e+00
  1.7910879000000e+03  lsf.22005          3  1.6771440111570e-05  1.0011899589384e+02  2.1442618952495e+01  6.8982375249063e+00  6.8839598323098e+00
  1.8870775000000e+03  lsd.22305          3 -3.4673663010000e-05  2.1168655464538e+01  9.9906263796097e+01  7.2531344094127e+00  7.2687018689562e+00
  1.9190767000000e+03  lsf.22405          3  1.6771440111570e-05  1.0011417933275e+02  2.1426003426238e+01  7.3912861747044e+00  7.3763270070338e+00
  1.9510729000000e+03  lsd.22505          3 -2.9094773337000e-05  2.1145042260181e+01  1.0038594621971e+02  7.4996340057756e+00  7.5130523226755e+00
  1.9830721000000e+03  lsf.22605          3  2.1770579958300e-05  1.0010090777219e+02  2.0964319879441e+01  7.6379031713793e+00  7.6217702476971e+00
  2.0150683000000e+03  lsd.22705          3 -3.4673663010000e-05  2.1168336122407e+01  9.9795570663084e+01  7.7461886087927e+00  7.7610919103352e+00
  2.1750583000000e+03  lsf.23205          3  1.6771440111570e-05  1.0012415947742e+02  2.1403591183895e+01  8.3773883149688e+00  8.3613056353796e+00
  2.2710499000000e+03  lsd.23505          3 -3.4673663010000e-05  2.1167436177949e+01  9.9583964837234e+01  8.7322966211704e+00  8.7458472173123e+00
  2.3030491000000e+03  lsf.23605          3  1.6771440111570e-05  1.0012899286485e+02  2.1389454423774e+01  8.8704398980959e+00  8.8537883522770e+00
  2.3350453000000e+03  lsd.30105          3 -2.9094773337000e-05  2.1146390031877e+01  1.0070275334783e+02  8.9787740862200e+00  8.9903805900257e+00
  2.3670445000000e+03  lsf.30205          3  2.1770579958300e-05  1.0008625537832e+02  2.1003780130235e+01  9.1170510287310e+00  9.0987733625828e+00
  2.3990407000000e+03  lsd.30305          3 -3.4673663010000e-05  2.1166862435012e+01  9.9484975766153e+01  9.2253503784321e+00  9.2382130462663e+00
  2.5590307000000e+03  lsf.30805          3  1.6771440111570e-05  1.0013816234994e+02  2.1355961014824e+01  9.8565440432209e+00  9.8387373078346e+00
  2.6550223000000e+03  lsd.31105          3 -3.4673663010000e-05  2.1165489239781e+01  9.9305116472522e+01  1.0211457265417e+01  1.0222923013366e+01
  2.6870215000000e+03  lsf.31205          3  1.6771440111570e-05  1.0014242855764e+02  2.1336908840834e+01  1.0349596578891e+01  1.0331202372453e+01
  2.7190178000000e+03  lsd.31305          3 -2.9094773337000e-05  2.1148330465327e+01  1.0097249405542e+02  1.0457916607898e+01  1.0467775356335e+01
  2.7510170000000e+03  lsf.31405          3  2.1770579958300e-05  1.0007354264264e+02  2.1058538417553e+01  1.0596196869197e+01  1.0575828450413e+01
  2.7830152000000e+03  lsd.31505          3 -3.4673663010000e-05  2.1162326752563e+01  9.9281314206498e+01  1.0704526780046e+01  1.0715254835232e+01
  2.9430052000000e+03  lsf.32005          3  1.6771440111570e-05  1.0015959743915e+02  2.1305029914167e+01  1.1335713007186e+01  1.1315262738744e+01
  3.0389948000000e+03  lsd.32305          3 -3.4673663010000e-05  2.1162808418391e+01  9.9197628631132e+01  1.1690623163017e+01  1.1699044838908e+01
  3.0709940000000e+03  lsf.32405          3  1.6771440111570e-05  1.0015304580331e+02  2.1276037711466e+01  1.1828764416475e+01  1.1807578326976e+01
  3.1029902000000e+03  lsd.32505          3 -2.9094773337000e-05  2.1151204314945e+01  1.0106438761615e+02  1.1937068462920e+01  1.1944330241369e+01
  3.1349894000000e+03  lsf.32605          3  2.1770579958300e-05  1.0006301760546e+02  2.1119437130633e+01  1.2075345835072e+01  1.2052139891646e+01
  3.1669856000000e+03  lsd.32705          3 -3.4673663010000e-05  2.1161870375985e+01  9.9144609917627e+01  1.2183675340489e+01  1.2191382676264e+01
  3.3269756000000e+03  lsf.33205          3  1.6771440111570e-05  1.0015869139458e+02  2.1233382917532e+01  1.2814871662192e+01  1.2792443470265e+01
  3.4229672000000e+03  lsd.33505          3 -3.4673663010000e-05  2.1159885214701e+01  9.9065498748268e+01  1.3169778740186e+01  1.3176047769431e+01
  3.4549684000000e+03  lsf.33605          3  1.6771440111570e-05  1.0017018824967e+02  2.1209116170425e+01  1.3307928731042e+01  1.3284879467568e+01
  3.4869626000000e+03  lsd.40105          3 -2.9094773337000e-05  2.1154177325299e+01  1.0118282945142e+02  1.3416215461100e+01  1.3421789279711e+01
  3.5189618000000e+03  lsf.40205          3  2.1770579958300e-05  1.0005567141758e+02  2.1184704525738e+01  1.3554486516410e+01  1.3529326931001e+01
  3.5509580000000e+03  lsd.40305          3 -3.4673663010000e-05  2.1158853226752e+01  9.9040125459601e+01  1.3662829941759e+01  1.3668376448338e+01
  3.7109480000000e+03  lsf.40805          3  1.6771440111570e-05  1.0016427224107e+02  2.1167120806350e+01  1.4294033736780e+01  1.4269682711869e+01
  3.8069397000001e+03  lsd.41105          3 -3.4673663010000e-05  2.1156633773298e+01  9.9019350471985e+01  1.4648932068014e+01  1.4653029968824e+01
  3.8389389000001e+03  lsf.41205          3  1.6771440111570e-05  1.0016570319522e+02  2.1145158541207e+01  1.4787088863836e+01  1.4762080033614e+01
  3.8709861000001e+03  lsd.41305          3 -2.9094773337000e-05  2.1098366208159e+01  1.0145194755417e+02  1.4895749946983e+01  1.4899346083559e+01
  3.9029363000001e+03  lsf.41405          3  2.1770579958300e-05  1.0006079870307e+02  2.1248293630563e+01  1.5033629318926e+01  1.5006600891190e+01
  3.9349325000001e+03  lsd.41505          3 -3.4673663010000e-05  2.1153082173143e+01  9.9079668118995e+01  1.5141998362913e+01  1.5145342054921e+01
  4.0949105000001e+03  lsf.42005          3  1.6771440111570e-05  1.0012265084880e+02  2.1176439243629e+01  1.5771537218292e+01  1.5744488247027e+01
  4.1909631000001e+03  lsd.42305          3 -3.4673663010000e-05  2.1097963618780e+01  1.0027109623516e+02  1.6126840981715e+01  1.6128563158796e+01
  4.2229083000001e+03  lsf.42405          3  1.6771440111570e-05  1.0015548518042e+02  2.1156725645262e+01  1.6264604136578e+01  1.6236823269486e+01
  4.2549095000001e+03  lsd.42505          3 -2.9094773337000e-05  2.1154873033757e+01  1.0018760615958e+02  1.6372899277423e+01  1.6374959457454e+01
  4.2869067000001e+03  lsf.42605          3  2.1770579958300e-05  1.0004786019527e+02  2.1229654993598e+01  1.6511149206176e+01  1.6482996717135e+01
  4.3189029000001e+03  lsd.42705          3 -3.4673663010000e-05  2.1155787245692e+01  1.0005257139675e+02  1.6619507004014e+01  1.6620886886694e+01
  4.4788929000001e+03  lsf.43205          3  1.6771440111570e-05  1.0017030093470e+02  2.1152398057588e+01  1.7250718088987e+01  1.7221637866703e+01
  4.5748845000001e+03  lsd.43505          3 -3.4673663010000e-05  2.1153550385434e+01  1.0008663920642e+02  1.7605606314597e+01  1.7605700243424e+01
  4.6068837000001e+03  lsf.43605          3  1.6771440111570e-05  1.0017008044163e+02  2.1152503567176e+01  1.7743772699409e+01  1.7714033778584e+01
  4.6388799000001e+03  lsd.50105          3 -2.9094773337000e-05  2.1160546188033e+01  1.0012737168574e+02  1.7852037355896e+01  1.7852195348454e+01
  4.6708791000001e+03  lsf.50205          3  2.1770579958300e-05  1.0004781867602e+02  2.1229868228579e+01  1.7990287474963e+01  1.7960267841551e+01
  4.7028753000001e+03  lsd.50305          3 -3.4673663010000e-05  2.1152464591228e+01  1.0010408847354e+02  1.8098655425001e+01  1.8098108884628e+01
  4.8628653000001e+03  lsf.50805          3  1.6771440111570e-05  1.0016824360857e+02  2.1153767882806e+01  1.8729881793531e+01  1.8698826032484e+01
  4.9588570000001e+03  lsd.51105          3 -3.4673663010000e-05  2.1150518426740e+01  1.0013854320345e+02  1.9084752875632e+01  1.9082930971418e+01
  4.9908562000001e+03  lsf.51205          3  1.6771440111570e-05  1.0016626254712e+02  2.1154978130441e+01  1.9222936313198e+01  1.9191223569372e+01
  5.0229034000001e+03  lsd.51305          3 -2.9094773337000e-05  2.1104425691207e+01  1.0031084499663e+02  1.9331578454459e+01  1.9329503798466e+01
  5.0548536000001e+03  lsf.51405          3  2.1770579958300e-05  1.0006151953643e+02  2.1224559294932e+01  1.9469430271612e+01  1.9437552549552e+01
  5.0868498000001e+03  lsd.51505          3 -3.4673663010000e-05  2.1147069503158e+01  1.0021227441549e+02  1.9577817181167e+01  1.9575329530109e+01
  5.2468278000001e+03  lsf.52005          3  1.6771440111570e-05  1.0011621202318e+02  2.1184749398950e+01  2.0209036063494e+01  2.0175073326923e+01
  5.3428804000001e+03  lsd.52305          3 -3.4673663010000e-05  2.1088597932011e+01  1.0053963602393e+02  2.0564287865118e+01  2.0559365638483e+01
  5.3748286000001e+03  lsf.52405          3  1.6771440111570e-05  1.0015878939896e+02  2.1166878421423e+01  2.0702107160693e+01  2.0667434882467e+01
  5.4068268000001e+03  lsd.52505          3 -2.9094773337000e-05  2.1164070183148e+01  9.9920667836173e+01  2.0810376325818e+01  2.0805738759417e+01
  5.4388240000001e+03  lsf.52605          3  2.1770579958300e-05  1.0006043871505e+02  2.1213473592826e+01  2.0948573559284e+01  2.0913996551218e+01
  5.4708202000001e+03  lsd.52705          3 -3.4673663010000e-05  2.1146783588200e+01  1.0031846228926e+02  2.1056950695312e+01  2.1051709806628e+01
  5.6308102000001e+03  lsf.53205          3  1.6771440111570e-05  1.0015179104247e+02  2.1176222457636e+01  2.1688214325975e+01  2.1652240403837e+01
  5.7268018000001e+03  lsd.53505          3 -3.4673663010000e-05  2.1145488952332e+01  1.0034130059360e+02  2.2043044382613e+01  2.2036562680264e+01
  5.7588010000001e+03  lsf.53605          3  1.6771440111570e-05  1.0014778641094e+02  2.1181121837910e+01  2.2181267520620e+01  2.2144645737453e+01
  5.7907972000001e+03  lsd.60105          3 -2.9094773337000e-05  2.1168332454740e+01  9.9877271109641e+01  2.2289522822244e+01  2.2282915335122e+01
  5.8227964000001e+03  lsf.60205          3  2.1770579958300e-05  1.0007194286049e+02  2.1199008637078e+01  2.2427715675971e+01  2.2391242291926e+01
  5.8547926000001e+03  lsd.60305          3 -3.4673663010000e-05  2.1144968356752e+01  1.0034963361341e+02  2.2536090934322e+01  2.2528990256669e+01
  6.0147827000001e+03  lsf.60805          3  1.6771440111570e-05  1.0013843909379e+02  2.1191272160222e+01  2.3167373855526e+01  2.3129462027265e+01
  6.1107743000001e+03  lsd.61105          3 -3.4673663010000e-05  2.1144141602081e+01  1.0036009919106e+02  2.3522183649775e+01  2.3513847805388e+01
  6.1427735000001e+03  lsf.61205          3  1.6771440111570e-05  1.0013360944612e+02  2.1196318017192e+01  2.3660426094672e+01  2.3621872784204e+01
  6.1747697000001e+03  lsd.61305          3 -2.9094773337000e-05  2.1169536089186e+01  9.9861803301601e+01  2.3768686849902e+01  2.3760089492236e+01
  6.2067689000001e+03  lsf.61405          3  2.1770579958300e-05  1.0008649233004e+02  2.1183791289679e+01  2.3906860695796e+01  2.3868472719504e+01
  6.2387671000001e+03  lsd.61505          3 -3.4673663010000e-05  2.1141419380963e+01  1.0041842147461e+02  2.4015245981403e+01  2.4006262569323e+01
  6.3987551000001e+03  lsf.62005          3  1.6771440111570e-05  1.0012465820845e+02  2.1276098394570e+01  2.4644884406778e+01  2.4604423399943e+01
  6.4947487000001e+03  lsd.62305          3 -3.4673663010000e-05  2.1145102666465e+01  1.0134741916039e+02  2.4999711662467e+01  2.4989627263143e+01
  6.5267459000001e+03  lsf.62405          3  1.6771440111570e-05  1.0012029959136e+02  2.1289372581363e+01  2.5137936965542e+01  2.5096750703176e+01
  6.5587421000001e+03  lsd.62505          3 -2.9094773337000e-05  2.1166154392118e+01  9.8910726583411e+01  2.5246216566332e+01  2.5235456847571e+01
  6.5907413000001e+03  lsf.62605          3  2.1770579958300e-05  1.0009918108131e+02  2.1084857706061e+01  2.5384393512228e+01  2.5344764452675e+01
  6.6227375000001e+03  lsd.62705          3 -3.4673663010000e-05  2.1147379475422e+01  1.0131301581804e+02  2.5492743876085e+01  2.5482124998117e+01
  6.7827275000002e+03  lsf.63205          3  1.6771440111570e-05  1.0011266325657e+02  2.1333746528535e+01  2.6124038731725e+01  2.6081656340228e+01
  6.8787191000002e+03  lsd.63505          3 -3.4673663010000e-05  2.1147508673573e+01  1.0123064344556e+02  2.6478838425584e+01  2.6467119177803e+01
  6.9107203000002e+03  lsf.63605          3  1.6771440111570e-05  1.0011801849191e+02  2.1351728556306e+01  2.6617092393442e+01  2.6574135426386e+01
  6.9115038000002e+03  end_marker       100  0.0000000000000e+00  1.0377365230100e+02  2.0457546791986e+01  2.6618315780087e+01  2.6580103272455e+01
