 # ID name  angle[rad]  betax[m]  betay[m] halfgap[m]  Material  Length[m]  sigx[m]  sigy[m] tilt1[rad] tilt2[rad] nsig
         1 TCLX.4R1.B1     0.0000000000E+00    0.6763941248E+04    0.4543407906E+04    0.1941679522E-01 CU   0.10000E+01   0.17814E-02   0.14600E-02   0.00000E+00   0.00000E+00   0.10900E+02
         2 TCL.5R1.B1      0.0000000000E+00    0.8514188423E+03    0.1832034396E+04    0.7584099354E-02 CU   0.10000E+01   0.63201E-03   0.92708E-03   0.00000E+00   0.00000E+00   0.12000E+02
         3 TCL.6R1.B1      0.0000000000E+00    0.1167554957E+03    0.1015838017E+04    0.2808478162E-02 W    0.10000E+01   0.23404E-03   0.69034E-03   0.00000E+00   0.00000E+00   0.12000E+02
         4 TCTPH.4L2.B1    0.0000000000E+00    0.8451845314E+02    0.1042592468E+03    0.2389506164E-02 W    0.10000E+01   0.19913E-03   0.22116E-03   0.00000E+00   0.00000E+00   0.12000E+02
         6 TDI.4L2.B1      0.1571000000E+01    0.1441747121E+03    0.9667819941E+02    0.2127555551E+00 CU   0.40000E+01   0.26007E-03   0.21297E-03   0.00000E+00   0.00000E+00   0.99900E+03
         7 TCLIA.4R2       0.1571000000E+01    0.9856519709E+02    0.1601185670E+03    0.2738025392E+00 C    0.10000E+01   0.21504E-03   0.27408E-03   0.00000E+00   0.00000E+00   0.99900E+03
         8 TCLIB.6R2.B1    0.1571000000E+01    0.1498895794E+03    0.6081088319E+02    0.1687358238E+00 C    0.10000E+01   0.26518E-03   0.16890E-03   0.00000E+00   0.00000E+00   0.99900E+03
         9 TCP.6L3.B1      0.0000000000E+00    0.1315206579E+03    0.1446940790E+03    0.3725970264E-02 C    0.60000E+00   0.24840E-03   0.26054E-03   0.00000E+00   0.00000E+00   0.15000E+02
        10 TCSG.5L3.B1     0.0000000000E+00    0.5460423026E+02    0.2986241121E+03    0.2880957085E-02 C    0.10000E+01   0.16005E-03   0.37429E-03   0.00000E+00   0.00000E+00   0.18000E+02
        11 TCSG.4R3.B1     0.0000000000E+00    0.2620993476E+02    0.3951963678E+03    0.1995981971E-02 C    0.10000E+01   0.11089E-03   0.43058E-03   0.00000E+00   0.00000E+00   0.18000E+02
        12 TCSG.A5R3.B1    0.2981020000E+01    0.3586779274E+02    0.3441113656E+03    0.2578692072E-02 C    0.10000E+01   0.12972E-03   0.40179E-03   0.00000E+00   0.00000E+00   0.18000E+02
        13 TCSG.B5R3.B1    0.1989675347E+00    0.4553782306E+02    0.3126775595E+03    0.2916882641E-02 C    0.10000E+01   0.14616E-03   0.38300E-03   0.00000E+00   0.00000E+00   0.18000E+02
        14 TCLA.A5R3.B1    0.1571000000E+01    0.1425283845E+03    0.1760130469E+03    0.5747163647E-02 W    0.10000E+01   0.25858E-03   0.28736E-03   0.00000E+00   0.00000E+00   0.20000E+02
        15 TCLA.B5R3.B1    0.0000000000E+00    0.1516137346E+03    0.1686870139E+03    0.5333968021E-02 W    0.10000E+01   0.26670E-03   0.28131E-03   0.00000E+00   0.00000E+00   0.20000E+02
        16 TCLA.6R3.B1     0.0000000000E+00    0.1294345033E+03    0.1687062675E+03    0.4928402460E-02 W    0.10000E+01   0.24642E-03   0.28133E-03   0.00000E+00   0.00000E+00   0.20000E+02
        17 TCLA.7R3.B1     0.0000000000E+00    0.6742268529E+02    0.8919825229E+02    0.3557002395E-02 W    0.10000E+01   0.17785E-03   0.20456E-03   0.00000E+00   0.00000E+00   0.20000E+02
        18 TCTH.6L5.B1     0.0000000000E+00    0.1247264666E+04    0.2700906211E+03    0.8337905082E-02 W    0.10000E+01   0.76495E-03   0.35596E-03   0.00000E+00   0.00000E+00   0.10900E+02
        19 TCTV.6L5.B1     0.1571000000E+01    0.1306371315E+04    0.3259445570E+03    0.4262354143E-02 W    0.10000E+01   0.78286E-03   0.39104E-03   0.00000E+00   0.00000E+00   0.10900E+02
        20 TCTPH.4L5.B1    0.0000000000E+00    0.4629097564E+04    0.7058522393E+04    0.1606296837E-01 W    0.10000E+01   0.14737E-02   0.18197E-02   0.00000E+00   0.00000E+00   0.10900E+02
        21 TCTPV.4L5.B1    0.1571000000E+01    0.4718574849E+04    0.7368289637E+04    0.2026567056E-01 W    0.10000E+01   0.14878E-02   0.18592E-02   0.00000E+00   0.00000E+00   0.10900E+02
        22 TCLX.4R5.B1     0.0000000000E+00    0.6763880936E+04    0.4543407901E+04    0.1941670866E-01 CU   0.10000E+01   0.17813E-02   0.14600E-02   0.00000E+00   0.00000E+00   0.10900E+02
        23 TCL.5R5.B1      0.0000000000E+00    0.7132341094E+03    0.1680299453E+04    0.6941421834E-02 CU   0.10000E+01   0.57845E-03   0.88786E-03   0.00000E+00   0.00000E+00   0.12000E+02
        24 TCL.6R5.B1      0.0000000000E+00    0.1275724000E+03    0.1031802729E+04    0.2935693750E-02 W    0.10000E+01   0.24464E-03   0.69574E-03   0.00000E+00   0.00000E+00   0.12000E+02
        25 TCDQA.A4R6.B    0.0000000000E+00    0.6471277417E+03    0.1240141221E+03    0.4958937762E-02 C    0.30000E+01   0.55099E-03   0.24121E-03   0.00000E+00   0.00000E+00   0.90000E+01
        26 TCDQA.C4R6.B    0.0000000000E+00    0.6610653320E+03    0.1267814062E+03    0.5012055134E-02 C    0.30000E+01   0.55690E-03   0.24388E-03   0.00000E+00   0.00000E+00   0.90000E+01
        27 TCDQA.B4R6.B    0.0000000000E+00    0.6751899552E+03    0.1297802785E+03    0.5065317061E-02 C    0.30000E+01   0.56281E-03   0.24675E-03   0.00000E+00   0.00000E+00   0.90000E+01
        28 TCSP.A4R6.B1    0.0000000000E+00    0.6909633792E+03    0.1333512682E+03    0.5124142089E-02 C    0.10000E+01   0.56935E-03   0.25012E-03   0.00000E+00   0.00000E+00   0.90000E+01
        29 TCP.D6L7.B1     0.1571000000E+01    0.1588672680E+03    0.7826268180E+02    0.1092203005E-02 C    0.60000E+00   0.27300E-03   0.19161E-03   0.00000E+00   0.00000E+00   0.57000E+01
        30 TCP.C6L7.B1     0.0000000000E+00    0.1505249392E+03    0.8276243808E+02    0.1514712555E-02 C    0.60000E+00   0.26574E-03   0.19705E-03   0.00000E+00   0.00000E+00   0.57000E+01
        31 TCP.B6L7.B1     0.2215000000E+01    0.1424593259E+03    0.8748737961E+02    0.1278953997E-02 C    0.60000E+00   0.25852E-03   0.20259E-03   0.00000E+00   0.00000E+00   0.57000E+01
        32 TCSG.A6L7.B1    0.2462660000E+01    0.3987093003E+02    0.2269213095E+03    0.1777836849E-02 C    0.10000E+01   0.13677E-03   0.32628E-03   0.00000E+00   0.00000E+00   0.77000E+01
        33 TCSG.B5L7.B1    0.2504550000E+01    0.1600150553E+03    0.1665131296E+03    0.2124809775E-02 C    0.10000E+01   0.27399E-03   0.27950E-03   0.00000E+00   0.00000E+00   0.77000E+01
        34 TCSG.A5L7.B1    0.7103500000E+00    0.1859945396E+03    0.1459294052E+03    0.2167856916E-02 C    0.10000E+01   0.29539E-03   0.26165E-03   0.00000E+00   0.00000E+00   0.77000E+01
        35 TCSG.D4L7.B1    0.1570800000E+01    0.3329636506E+03    0.6886052372E+02    0.1383971112E-02 C    0.10000E+01   0.39523E-03   0.17974E-03   0.00000E+00   0.00000E+00   0.77000E+01
        36 TCSG.B4L7.B1    0.0000000000E+00    0.1397605685E+03    0.1309954679E+03    0.1971669842E-02 C    0.10000E+01   0.25606E-03   0.24790E-03   0.00000E+00   0.00000E+00   0.77000E+01
        37 TCSG.A4L7.B1    0.2349210000E+01    0.1286736198E+03    0.1412953670E+03    0.1938320414E-02 C    0.10000E+01   0.24569E-03   0.25746E-03   0.00000E+00   0.00000E+00   0.77000E+01
        38 TCSG.A4R7.B1    0.8080900000E+00    0.1182834594E+03    0.1522202801E+03    0.1945118007E-02 C    0.10000E+01   0.23557E-03   0.26723E-03   0.00000E+00   0.00000E+00   0.77000E+01
        39 TCSG.B5R7.B1    0.2469640000E+01    0.1218512080E+03    0.2675804719E+03    0.2227142315E-02 C    0.10000E+01   0.23909E-03   0.35431E-03   0.00000E+00   0.00000E+00   0.77000E+01
        40 TCSG.D5R7.B1    0.8971000000E+00    0.2138809711E+03    0.1585528445E+03    0.2238124150E-02 C    0.10000E+01   0.31677E-03   0.27273E-03   0.00000E+00   0.00000E+00   0.77000E+01
        41 TCSG.E5R7.B1    0.2277650000E+01    0.2414038520E+03    0.1361172931E+03    0.2240837567E-02 C    0.10000E+01   0.33653E-03   0.25270E-03   0.00000E+00   0.00000E+00   0.77000E+01
        42 TCSG.6R7.B1     0.8730000000E-02    0.3357596606E+03    0.4735648398E+02    0.3055919485E-02 C    0.10000E+01   0.39689E-03   0.14905E-03   0.00000E+00   0.00000E+00   0.77000E+01
        43 TCLA.A6R7.B1    0.1571000000E+01    0.2970695852E+03    0.4815512170E+02    0.1503046540E-02 W    0.10000E+01   0.37332E-03   0.15030E-03   0.00000E+00   0.00000E+00   0.10000E+02
        44 TCLA.B6R7.B1    0.0000000000E+00    0.1595010304E+03    0.7638772198E+02    0.2735475855E-02 W    0.10000E+01   0.27355E-03   0.18931E-03   0.00000E+00   0.00000E+00   0.10000E+02
        45 TCLA.C6R7.B1    0.1571000000E+01    0.6861620272E+02    0.1518871158E+03    0.2669387374E-02 W    0.10000E+01   0.17942E-03   0.26694E-03   0.00000E+00   0.00000E+00   0.10000E+02
        46 TCLA.D6R7.B1    0.0000000000E+00    0.6504844022E+02    0.1579158390E+03    0.1746906186E-02 W    0.10000E+01   0.17469E-03   0.27218E-03   0.00000E+00   0.00000E+00   0.10000E+02
        47 TCLA.A7R7.B1    0.0000000000E+00    0.6565508119E+02    0.1438618982E+03    0.1755033095E-02 W    0.10000E+01   0.17550E-03   0.25979E-03   0.00000E+00   0.00000E+00   0.10000E+02
        48 TCLD.8R7.B1     0.0000000000E+00    0.3137186708E+02    0.1277283020E+03    0.1213169050E-02 W    0.60000E+00   0.12132E-03   0.24479E-03   0.00000E+00   0.00000E+00   0.10000E+02
        49 TCLD.10R7.B1    0.0000000000E+00    0.4572957411E+02    0.1353275799E+03    0.1464703494E-02 W    0.60000E+00   0.14647E-03   0.25197E-03   0.00000E+00   0.00000E+00   0.10000E+02
        50 TCTPH.4L8.B1    0.0000000000E+00    0.2335224651E+03    0.2849154740E+03    0.3306594665E+00 W    0.10000E+01   0.33099E-03   0.36560E-03   0.00000E+00   0.00000E+00   0.99900E+03
        51 TCTPV.4L8.B1    0.1571000000E+01    0.2440842804E+03    0.2864898421E+03    0.3662446085E+00 W    0.10000E+01   0.33839E-03   0.36661E-03   0.00000E+00   0.00000E+00   0.99900E+03
        52 TCTH.6L1.B1     0.0000000000E+00    0.1143564361E+04    0.1822286453E+03    0.7983768641E-02 W    0.10000E+01   0.73246E-03   0.29239E-03   0.00000E+00   0.00000E+00   0.10900E+02
        53 TCTV.6L1.B1     0.1571000000E+01    0.1200178115E+04    0.2285182160E+03    0.3568930477E-02 W    0.10000E+01   0.75037E-03   0.32742E-03   0.00000E+00   0.00000E+00   0.10900E+02
        54 TCTPH.4L1.B1    0.0000000000E+00    0.4629139756E+04    0.7058522411E+04    0.1606304157E-01 W    0.10000E+01   0.14737E-02   0.18197E-02   0.00000E+00   0.00000E+00   0.10900E+02
        55 TCTPV.4L1.B1    0.1571000000E+01    0.4718617830E+04    0.7368289656E+04    0.2026567058E-01 W    0.10000E+01   0.14878E-02   0.18592E-02   0.00000E+00   0.00000E+00   0.10900E+02
