  3.8611996819306e+02  ms.10r1.b1         3  6.6976010297775e-05  7.1723716130951e+01  5.7034156730244e+02  1.2111597447223e+00  7.4118847876468e-01
  4.3894065759074e+02  ms.11r1.b1         3 -4.1406767208630e-05  5.8767541284151e+02  4.3189910274169e+01  1.2490335917727e+00  8.0069804829230e-01
  4.9239614168727e+02  ms.12r1.b1         3  1.8265500000000e-05  6.2675429009851e+01  5.9318936141686e+01  1.2964546008034e+00  1.0481994854898e+00
  5.4584762578380e+02  ms.13r1.b1         3 -1.1070000000000e-05  6.0054468543162e+01  7.1097848303587e+01  1.4522343190195e+00  1.2137917940956e+00
  5.9929910988032e+02  ms.14r1.b1         3  6.6976010297775e-05  5.2381040442657e+01  5.5626043721821e+02  1.6974918078145e+00  1.2549443443185e+00
  6.5275059397686e+02  ms.15r1.b1         3 -4.1406767208630e-05  5.5482204971432e+02  4.3217781969330e+01  1.7457049553638e+00  1.3138375989328e+00
  7.0620207807338e+02  ms.16r1.b1         3  1.8265500000000e-05  6.1670077423811e+01  6.0295626886154e+01  1.7947216963759e+00  1.5501999034258e+00
  7.5965356216991e+02  ms.17r1.b1         3 -1.1070000000000e-05  6.0092269695833e+01  7.1136273040345e+01  1.9521150118640e+00  1.7137965449208e+00
  8.1310504626644e+02  ms.18r1.b1         3  6.6976010297775e-05  5.2391075081749e+01  5.5659726675055e+02  2.1974770437527e+00  1.7549430735835e+00
  8.6655653036297e+02  ms.19r1.b1         3 -4.1406767208630e-05  5.5476663394742e+02  4.3234032369373e+01  2.2456877300805e+00  1.8138058209924e+00
  9.2000801445950e+02  ms.20r1.b1         3  1.8265500000000e-05  6.1674439302612e+01  6.0270386480695e+01  2.2947051845469e+00  2.0502068891914e+00
  9.7345949855602e+02  ms.21r1.b1         3 -1.1070000000000e-05  6.0106648067298e+01  7.1161080961617e+01  2.4520599979908e+00  2.2138116588982e+00
  1.0269109826525e+03  ms.22r1.b1         3  6.6976010297775e-05  5.2332875669940e+01  5.5641507412328e+02  2.6974568504376e+00  2.2549396556907e+00
  1.0803624667491e+03  ms.23r1.b1         3 -4.1406767208630e-05  5.5467093178143e+02  4.3188481707282e+01  2.7456996640910e+00  2.3138452671657e+00
  1.1338139508456e+03  ms.24r1.b1         3  1.8265500000000e-05  6.1699905198219e+01  6.0324142271972e+01  2.7947110596108e+00  2.5503991564161e+00
  1.1872654349421e+03  ms.25r1.b1         3 -1.1070000000000e-05  6.0144563678842e+01  7.1199546182218e+01  2.9519408409334e+00  2.7138164092542e+00
  1.2407169190387e+03  ms.26r1.b1         3  6.6976010297775e-05  5.2342896050590e+01  5.5675205338315e+02  3.1974420721201e+00  2.7549383853368e+00
  1.2941684031352e+03  ms.27r1.b1         3 -4.1406767208630e-05  5.5461546851167e+02  4.3204747898890e+01  3.2456824273986e+00  2.8138134594037e+00
  1.3476198872317e+03  ms.28r1.b1         3  1.8265500000000e-05  6.1704272358268e+01  6.0298889818233e+01  3.2946945387322e+00  3.0504061188643e+00
  1.4545228554248e+03  ms.30r1.b1         3  6.6976010297775e-05  5.2287045447549e+01  5.5658817518862e+02  3.6974227186967e+00  3.2549352102226e+00
  1.5079743395213e+03  ms.31r1.b1         3 -4.1406767208630e-05  5.5453276278469e+02  4.3165856094240e+01  3.7456932158999e+00  3.3138469871542e+00
  1.5614258236178e+03  ms.32r1.b1         3  1.8265500000000e-05  6.1734592700738e+01  6.0344746919602e+01  3.7946966921376e+00  3.5505734906027e+00
  1.6683287918109e+03  ms.34l2.b1         3  6.6976010297775e-05  5.2293461968960e+01  5.5697370161545e+02  4.1974132299706e+00  3.7549322777090e+00
  1.7752317600039e+03  ms.32l2.b1         3  1.8265500000000e-05  6.1703167599689e+01  6.0307850014629e+01  4.2946986800066e+00  4.0505362081361e+00
  1.8286832441005e+03  ms.31l2.b1         3 -1.1070000000000e-05  6.0172817063650e+01  7.1276510228164e+01  4.4518660126170e+00  4.2138475918331e+00
  1.8821347281970e+03  ms.30l2.b1         3  6.6976010297775e-05  5.2265974322422e+01  5.5669574562594e+02  4.6974102774194e+00  4.2549282629652e+00
  1.9890376963900e+03  ms.28l2.b1         3  1.8265500000000e-05  6.1734132614864e+01  6.0353216845488e+01  4.7946971132507e+00  4.5506002044704e+00
  2.0424891804866e+03  ms.27l2.b1         3 -1.1070000000000e-05  6.0200567358808e+01  7.1268028873246e+01  4.9517478421406e+00  4.7138278500286e+00
  2.0959406645831e+03  ms.26l2.b1         3  6.6976010297775e-05  5.2291376545929e+01  5.5692986969387e+02  5.1974041318161e+00  4.7549229028563e+00
  2.1493921486796e+03  ms.25l2.b1         3 -4.1406767208630e-05  5.5446634821646e+02  4.3174624454734e+01  5.2456756969102e+00  4.8138096457917e+00
  2.2028436327762e+03  ms.24l2.b1         3  1.8265500000000e-05  6.1738513632353e+01  6.0327947826230e+01  5.2946805731099e+00  5.0506071358583e+00
  2.2562951168727e+03  ms.23l2.b1         3 -1.1070000000000e-05  6.0215049001826e+01  7.1292848960724e+01  5.4516927922899e+00  5.2138429343214e+00
  2.3097466009692e+03  ms.22l2.b1         3  6.6976010297775e-05  5.2233250897136e+01  5.5674757644758e+02  5.6973838932240e+00  5.2549194842042e+00
  2.3631980850657e+03  ms.21l2.b1         3 -4.1406767208630e-05  5.5437067582083e+02  4.3129072126678e+01  5.7456876499238e+00  5.3138491590116e+00
  2.4166495691623e+03  ms.20l2.b1         3  1.8265500000000e-05  6.1763974039634e+01  6.0382144096130e+01  5.7946864812180e+00  5.5507992713335e+00
  2.4701010532588e+03  ms.19l2.b1         3 -1.1070000000000e-05  6.0253208715208e+01  7.1331391139384e+01  5.9515739679446e+00  5.7138476810315e+00
  2.5235525373553e+03  ms.18l2.b1         3  6.6976010297775e-05  5.2243245230187e+01  5.5708491052548e+02  6.1973690865802e+00  5.7549182155681e+00
  2.5770040214519e+03  ms.17l2.b1         3 -4.1406767208630e-05  5.5431516608609e+02  4.3145374355401e+01  6.2456703858933e+00  5.8138172859147e+00
  2.6304555055484e+03  ms.16l2.b1         3  1.8265500000000e-05  6.1768360323465e+01  6.0356862760105e+01  6.2946699320305e+00  6.0508061794025e+00
  2.6839069896449e+03  ms.15l2.b1         3 -1.1070000000000e-05  6.0267283305694e+01  7.1355674374461e+01  6.4515189110245e+00  6.2138627508744e+00
  2.7373584737414e+03  ms.14l2.b1         3  6.6976010297775e-05  5.2205684152405e+01  5.5711534100131e+02  6.6973496724619e+00  6.2549150403257e+00
  2.7908099578380e+03  ms.13l2.b1         3 -4.1406767208630e-05  5.5049817475569e+02  4.3495019464210e+01  6.7456740267335e+00  6.3137612130445e+00
  2.8442614419345e+03  ms.12l2.b1         3  1.8265500000000e-05  4.4869978454415e+01  6.0793081630964e+01  6.8035994784248e+00  6.5429173493187e+00
  2.8989839260310e+03  ms.11l2.b1         3 -1.1070000000000e-05  5.6433621849353e+01  7.7489506600574e+01  7.0384625326344e+00  6.7095819412852e+00
  3.7709383260311e+03  ms.11r2.b1         3  2.2134967893495e-05  3.6602220133902e+01  1.7315395743548e+02  9.4303835038445e+00  8.8046959994432e+00
  3.8243908419345e+03  ms.12r2.b1         3 -1.2137967247712e-05  1.7928740850946e+02  2.9260998986810e+01  9.5386899148446e+00  8.9486691434528e+00
  3.8778393578380e+03  ms.13r2.b1         3  2.2134967893495e-05  3.1447978411679e+01  1.7746256169819e+02  9.6732513921616e+00  9.0730119681292e+00
  3.9312878737415e+03  ms.14r2.b1         3 -1.2137967247712e-05  1.7579026836606e+02  3.2545487258837e+01  9.7930448233847e+00  9.2051717236083e+00
  3.9847363896449e+03  ms.15r2.b1         3  2.2134967893495e-05  3.2088397294867e+01  1.7570568756943e+02  9.9272081697301e+00  9.3225522564762e+00
  4.0381849055484e+03  ms.16r2.b1         3 -1.2137967247712e-05  1.7595002979286e+02  3.2335524341732e+01  1.0045446632581e+01  9.4561550640209e+00
  4.0916334214519e+03  ms.17r2.b1         3  2.2134967893495e-05  3.1449769119940e+01  1.7746482918571e+02  1.0181343153802e+01  9.5732836818215e+00
  4.1450819373553e+03  ms.18r2.b1         3 -1.2137967247712e-05  1.7596878974369e+02  3.2544894663280e+01  1.0301056727539e+01  9.7054439102535e+00
  4.1985304532588e+03  ms.19r2.b1         3  2.2134967893495e-05  3.2084989035300e+01  1.7570342526298e+02  1.0435138948690e+01  9.8228266905535e+00
  4.2519789691623e+03  ms.20r2.b1         3 -1.2137967247712e-05  1.7577155593307e+02  3.2336117552912e+01  1.0553459391047e+01  9.9564290130395e+00
  4.3054274850657e+03  ms.21r2.b1         3  2.2134967893495e-05  3.1454786296914e+01  1.7746708630740e+02  1.0689434038971e+01  1.0073555392056e+01
  4.3588760009692e+03  ms.22r2.b1         3 -1.2137967247712e-05  1.7614676403922e+02  3.2544300838503e+01  1.0809060513266e+01  1.0205716101858e+01
  4.4123245168727e+03  ms.23r2.b1         3  2.2134967893495e-05  3.2078375650323e+01  1.7570117333280e+02  1.0943070967408e+01  1.0323101128151e+01
  4.4657730327762e+03  ms.24r2.b1         3 -1.2137967247712e-05  1.7559453198424e+02  3.2336711990737e+01  1.1061480263338e+01  1.0456702957025e+01
  4.5192215486796e+03  ms.25r2.b1         3  2.2134967893495e-05  3.1462979139606e+01  1.7746933304088e+02  1.1197523223980e+01  1.0573827098842e+01
  4.5726700645831e+03  ms.26r2.b1         3 -1.2137967247712e-05  1.7632238926965e+02  3.2543705788072e+01  1.1317056262748e+01  1.0705988298437e+01
  4.6261185804866e+03  ms.27r2.b1         3  2.2134967893495e-05  3.2068624098552e+01  1.7569893180713e+02  1.1451005011444e+01  1.0823375569263e+01
  4.6795670963900e+03  ms.28r2.b1         3 -1.2137967247712e-05  1.7542075030906e+02  3.2337307649916e+01  1.1569509158487e+01  1.0956976895972e+01
  4.7330156122935e+03  ms.29r2.b1         3  2.2134967893495e-05  3.1474264699999e+01  1.7747156935513e+02  1.1705609903379e+01  1.1074098802197e+01
  4.8399126441004e+03  ms.31r2.b1         3  2.2134967893495e-05  3.2055833115186e+01  1.7569670071160e+02  1.1958941847019e+01  1.1323650013863e+01
  4.8933611600039e+03  ms.32r2.b1         3 -1.2137967247712e-05  1.7525197044732e+02  3.2337904521575e+01  1.2077545903432e+01  1.1457250829864e+01
  4.9468096759074e+03  ms.33r2.b1         3  2.2134967893495e-05  3.1488528709868e+01  1.7747379521831e+02  1.2213693298549e+01  1.1574370502134e+01
  5.0537067077143e+03  ms.33l3.b1         3  2.2134967893495e-05  3.2040132209571e+01  1.7569448007153e+02  1.2466882213681e+01  1.1823924461945e+01
  5.1606037395212e+03  ms.31l3.b1         3  2.2134967893495e-05  3.1505626744874e+01  1.7747601062105e+02  1.2721772665978e+01  1.2074642198674e+01
  5.2140522554247e+03  ms.30l3.b1         3 -1.2137967247712e-05  1.7681761504506e+02  3.2541913366639e+01  1.2840997312269e+01  1.2206804918106e+01
  5.2675007713282e+03  ms.29l3.b1         3  2.2134967893495e-05  3.2021680352601e+01  1.7569226991380e+02  1.2974826817135e+01  1.2324198913482e+01
  5.3743978031351e+03  ms.27l3.b1         3  2.2134967893495e-05  3.1525385688255e+01  1.7747821552892e+02  1.3229847305088e+01  1.2574913891829e+01
  5.4278463190386e+03  ms.26l3.b1         3 -1.2137967247712e-05  1.7696656716540e+02  3.2541313490682e+01  1.3348963316080e+01  1.2707077134675e+01
  5.4812948349421e+03  ms.25l3.b1         3  2.2134967893495e-05  3.2000664367468e+01  1.7569007026595e+02  1.3482776322374e+01  1.2824473368470e+01
  5.5347433508455e+03  ms.24l3.b1         3 -1.2137967247712e-05  1.7479237432748e+02  3.2339702348960e+01  1.3601700308877e+01  1.2958072601142e+01
  5.5881918667490e+03  ms.23l3.b1         3  2.2134967893495e-05  3.1547605483497e+01  1.7748040991334e+02  1.3737916565551e+01  1.3075185581618e+01
  5.6416403826525e+03  ms.22l3.b1         3 -1.2137967247712e-05  1.7710486972095e+02  3.2540712427364e+01  1.3856922851653e+01  1.3207349356265e+01
  5.6950888985559e+03  ms.21l3.b1         3  2.2134967893495e-05  3.1977297042868e+01  1.7568788115183e+02  1.3990731347103e+01  1.3324747826880e+01
  5.7485374144594e+03  ms.20l3.b1         3 -1.2137967247712e-05  1.7465992897809e+02  3.2340304003823e+01  1.4109765144773e+01  1.3458346514732e+01
  5.8019859303629e+03  ms.19l3.b1         3  2.2134967893495e-05  3.1572061151265e+01  1.7748259375287e+02  1.4245979853984e+01  1.3575457268055e+01
  5.8554344462663e+03  ms.18l3.b1         3 -1.2137967247712e-05  1.7723112239433e+02  3.2540110182762e+01  1.4364876439408e+01  1.3707621582890e+01
  5.9088829621698e+03  ms.17l3.b1         3  2.2134967893495e-05  3.1951814971964e+01  1.7568570259779e+02  1.4498692455593e+01  1.3825022288702e+01
  5.9623314780733e+03  ms.16l3.b1         3 -1.2137967247712e-05  1.7454018874479e+02  3.2340906838197e+01  1.4617835809834e+01  1.3958620423222e+01
  6.0157799939768e+03  ms.15l3.b1         3  2.2134967893495e-05  3.1598505082875e+01  1.7748476701692e+02  1.4754036639977e+01  1.4075728951157e+01
  6.0692285098802e+03  ms.14l3.b1         3 -1.2137967247712e-05  1.7734404689449e+02  3.2539506763056e+01  1.4872824657530e+01  1.4207893814556e+01
  6.1226770257837e+03  ms.13l3.b1         3  2.2134967893495e-05  3.1954864096185e+01  1.7552208475277e+02  1.5006650667757e+01  1.4325298352886e+01
  6.1761255416872e+03  ms.12l3.b1         3 -1.2137967247712e-05  1.7366754212954e+02  3.1945195084677e+01  1.5125565545136e+01  1.4460758872827e+01
  6.2308450575906e+03  ms.11l3.b1         3  2.2134967893495e-05  2.7900475059896e+01  1.7613040018999e+02  1.5288005306871e+01  1.4577386709645e+01
  7.1036535424091e+03  ms.11r3.b1         3 -1.2137967247712e-05  1.7453985175319e+02  4.2225920290753e+01  1.7012909145043e+01  1.6030563584720e+01
  7.1571060583126e+03  ms.12r3.b1         3  2.2134967893495e-05  3.9428212993042e+01  1.7030246866968e+02  1.7130217274295e+01  1.6133651284896e+01
  7.2105545742161e+03  ms.13r3.b1         3 -1.2137967247712e-05  1.7465745088147e+02  3.2389108876976e+01  1.7235738470131e+01  1.6269078080840e+01
  7.2640030901195e+03  ms.14r3.b1         3  2.2134967893495e-05  3.2021268705492e+01  1.7549892024072e+02  1.7370669975564e+01  1.6386893172450e+01
  7.3174516060230e+03  ms.15r3.b1         3 -1.2137967247712e-05  1.7710746961067e+02  3.2491941784207e+01  1.7488582952887e+01  1.6520173113837e+01
  7.3709001219265e+03  ms.16r3.b1         3  2.2134967893495e-05  3.1506011217513e+01  1.7767016340221e+02  1.7623721421758e+01  1.6636871768692e+01
  7.4243486378299e+03  ms.17r3.b1         3 -1.2137967247712e-05  1.7478965922166e+02  3.2388438619542e+01  1.7743803425984e+01  1.6769351581974e+01
  7.4777971537334e+03  ms.18r3.b1         3  2.2134967893495e-05  3.2039775884282e+01  1.7549952475959e+02  1.7878614674340e+01  1.6887167927610e+01
  7.5312456696369e+03  ms.19r3.b1         3 -1.2137967247712e-05  1.7696939060232e+02  3.2492611737827e+01  1.7996542366441e+01  1.7020445743741e+01
  7.5846941855403e+03  ms.20r3.b1         3  2.2134967893495e-05  3.1488855984827e+01  1.7766955249333e+02  1.8131800697824e+01  1.7137143167100e+01
  7.6381427014438e+03  ms.21r3.b1         3 -1.2137967247712e-05  1.7493325916494e+02  3.2387768971601e+01  1.8251862016084e+01  1.7269625088767e+01
  7.6915912173473e+03  ms.22r3.b1         3  2.2134967893495e-05  3.2055535717646e+01  1.7550014205808e+02  1.8386555122058e+01  1.7387442681818e+01
  7.7450397332507e+03  ms.23r3.b1         3 -1.2137967247712e-05  1.7682063344348e+02  3.2493281076306e+01  1.8504508238607e+01  1.7520718368030e+01
  7.7984882491542e+03  ms.24r3.b1         3  2.2134967893495e-05  3.1474531466525e+01  1.7766892880867e+02  1.8639884016667e+01  1.7637414566453e+01
  7.8519367650577e+03  ms.25r3.b1         3 -1.2137967247712e-05  1.7508679675894e+02  3.2387099944837e+01  1.8759913759372e+01  1.7769898601210e+01
  7.9053852809611e+03  ms.26r3.b1         3  2.2134967893495e-05  3.2068388640674e+01  1.7550077212574e+02  1.8894492023642e+01  1.7887717435045e+01
  7.9588337968646e+03  ms.27r3.b1         3 -1.2137967247712e-05  1.7666270429971e+02  3.2493949791236e+01  1.9012481027926e+01  1.8020990986702e+01
  8.0122823127681e+03  ms.28r3.b1         3  2.2134967893495e-05  3.1463182694728e+01  1.7766829235870e+02  1.9147970635583e+01  1.8137685966767e+01
  8.1191793445750e+03  ms.30r3.b1         3  2.2134967893495e-05  3.2078204515456e+01  1.7550141495758e+02  1.9402426118008e+01  1.8387992187281e+01
  8.1726278604785e+03  ms.31r3.b1         3 -1.2137967247712e-05  1.7649720219966e+02  3.2494617875472e+01  1.9520461125098e+01  1.8521263599770e+01
  8.2260763763820e+03  ms.32r3.b1         3  2.2134967893495e-05  3.1454924578651e+01  1.7766764314691e+02  1.9656059776606e+01  1.8637957368065e+01
  8.3329734081889e+03  ms.34l4.b1         3  2.2134967893495e-05  3.2084883956613e+01  1.7550207054652e+02  1.9910358170905e+01  1.8888266938495e+01
  8.4398704399958e+03  ms.32l4.b1         3  2.2134967893495e-05  3.1449840730238e+01  1.7766698118320e+02  2.0164150634756e+01  1.9138228770361e+01
  8.4933189558993e+03  ms.31l4.b1         3 -1.2137967247712e-05  1.7559108201215e+02  3.2385096654903e+01  2.0284024194470e+01  1.9270719172408e+01
  8.5467674718028e+03  ms.30l4.b1         3  2.2134967893495e-05  3.2088359334634e+01  1.7550273888436e+02  2.0418288967557e+01  1.9388541688678e+01
  8.6536645036097e+03  ms.28l4.b1         3  2.2134967893495e-05  3.1447982624316e+01  1.7766630647436e+02  2.0672242386632e+01  1.9638500173681e+01
  8.7071130195132e+03  ms.27l4.b1         3 -1.2137967247712e-05  1.7576805946112e+02  3.2384430183635e+01  2.0792045225473e+01  1.9770992707411e+01
  8.7605615354167e+03  ms.26l4.b1         3  2.2134967893495e-05  3.2088595463823e+01  1.7550341995997e+02  2.0926219305157e+01  1.9888816437800e+01
  8.8140100513201e+03  ms.25l4.b1         3 -1.2137967247712e-05  1.7597229620795e+02  3.2496618262738e+01  2.1044448068592e+01  2.0022081405375e+01
  8.8674585672236e+03  ms.24l4.b1         3  2.2134967893495e-05  3.1449369071382e+01  1.7766561903206e+02  2.1180334199236e+01  2.0138771578039e+01
  8.9209070831271e+03  ms.23l4.b1         3 -1.2137967247712e-05  1.7594652222392e+02  3.2383764369146e+01  2.1300058143638e+01  2.0271266248041e+01
  8.9743555990306e+03  ms.22l4.b1         3  2.2134967893495e-05  3.2085589950284e+01  1.7550411376920e+02  2.1434149985281e+01  2.0389091185851e+01
  9.0278041149340e+03  ms.21l4.b1         3 -1.2137967247712e-05  1.7579376816421e+02  3.2497283744479e+01  2.1552459813038e+01  2.0522353996067e+01
  9.0812526308375e+03  ms.20l4.b1         3  2.2134967893495e-05  3.1453986037821e+01  1.7766491885927e+02  2.1688425238923e+01  2.0639042983459e+01
  9.1347011467410e+03  ms.19l4.b1         3 -1.2137967247712e-05  1.7612466336213e+02  3.2383099222962e+01  2.1808062938860e+01  2.0771539794292e+01
  9.1881496626444e+03  ms.18l4.b1         3  2.2134967893495e-05  3.2079373227096e+01  1.7550482030158e+02  2.1942081806226e+01  2.0889365932800e+01
  9.2415981785479e+03  ms.17l4.b1         3 -1.2137967247712e-05  1.7561646513374e+02  3.2497948554920e+01  2.2060479676868e+01  2.1022626581178e+01
  9.2950466944514e+03  ms.16l4.b1         3  2.2134967893495e-05  3.1461786772741e+01  1.7766420596786e+02  2.2196514680342e+01  2.1139314389957e+01
  9.3484952103548e+03  ms.15l4.b1         3 -1.2137967247712e-05  1.7630067920425e+02  3.2382434749347e+01  2.2316059683152e+01  2.1271813346160e+01
  9.4019437262583e+03  ms.14l4.b1         3  2.2134967893495e-05  3.2070008236496e+01  1.7550553955156e+02  2.2450015555439e+01  2.1389640678638e+01
  9.4553922421618e+03  ms.13l4.b1         3 -1.2137967247712e-05  1.7457181445710e+02  3.2665743845076e+01  2.2568516246969e+01  2.1522848894556e+01
  9.5088407580653e+03  ms.12l4.b1         3  2.2134967893495e-05  2.7895923582608e+01  1.8330967779992e+02  2.2716031328703e+01  2.1637668570488e+01
  9.5635602739687e+03  ms.11l4.b1         3 -1.2137967247712e-05  1.6688563237026e+02  4.3229665504072e+01  2.2847088755735e+01  2.1754131993943e+01
  1.0435506758787e+04  ms.11r4.b1         3  1.8265500000000e-05  6.4282779873033e+01  1.1264599550966e+02  2.4390785435488e+01  2.3078126165129e+01
  1.0488959274691e+04  ms.12r4.b1         3 -1.1070000000000e-05  5.8181298336521e+01  9.8028435371409e+01  2.4546995266921e+01  2.3167747055900e+01
  1.0542407790594e+04  ms.13r4.b1         3  7.3016602891245e-05  5.3583722466620e+01  5.5774498815075e+02  2.4798428981780e+01  2.3202801055594e+01
  1.0595856306498e+04  ms.14r4.b1         3 -4.3650904931235e-05  5.6175400088850e+02  4.2083254328762e+01  2.4845775627706e+01  2.3262436490461e+01
  1.0649304822401e+04  ms.15r4.b1         3  1.8265500000000e-05  6.1523350181231e+01  6.1623571813038e+01  2.4894536226001e+01  2.3504251284424e+01
  1.0702753338305e+04  ms.16r4.b1         3 -1.1070000000000e-05  5.8792869143669e+01  7.2780160733690e+01  2.5054906968160e+01  2.3662176581126e+01
  1.0756201854208e+04  ms.17r4.b1         3  7.3016602891245e-05  5.3561540940619e+01  5.5777255576844e+02  2.5298406252224e+01  2.3702789295299e+01
  1.0809650370112e+04  ms.18r4.b1         3 -4.3650904931235e-05  5.6454117746631e+02  3.9492641127935e+01  2.5345642387359e+01  2.3764448596194e+01
  1.0863098886015e+04  ms.19r4.b1         3  1.8265500000000e-05  5.5963602078745e+01  6.5493377749646e+01  2.5396719545923e+01  2.4015068222505e+01
  1.0916547401918e+04  ms.20r4.b1         3 -1.1070000000000e-05  5.5309879461164e+01  7.5027181410840e+01  2.5580258597959e+01  2.4162626557159e+01
  1.0969995917822e+04  ms.21r4.b1         3  7.3016602891245e-05  5.8865948121937e+01  5.5201400665136e+02  2.5800557094122e+01  2.4202825705161e+01
  1.1023444433725e+04  ms.22r4.b1         3 -4.3650904931235e-05  5.6079710617784e+02  4.2168099563197e+01  2.5845707322619e+01  2.4262721973399e+01
  1.1076892949629e+04  ms.23r4.b1         3  1.8265500000000e-05  6.1491531689999e+01  6.1527417878401e+01  2.5894523893498e+01  2.4503864800201e+01
  1.1130341465532e+04  ms.24r4.b1         3 -1.1070000000000e-05  5.8800116263395e+01  7.2694453299413e+01  2.6054944320158e+01  2.4662124728147e+01
  1.1183789981436e+04  ms.25r4.b1         3  7.3016602891245e-05  5.3557299810746e+01  5.5780037140179e+02  2.6298358347361e+01  2.4702760874699e+01
  1.1237238497339e+04  ms.26r4.b1         3 -4.3650904931235e-05  5.6433282045265e+02  3.9563954554700e+01  2.6345605394712e+01  2.4764360008186e+01
  1.1290687013243e+04  ms.27r4.b1         3  1.8265500000000e-05  5.5933730883104e+01  6.5374631650586e+01  2.6396706447559e+01  2.5014698447572e+01
  1.1344135529146e+04  ms.28r4.b1         3 -1.1070000000000e-05  5.5325725532041e+01  7.4938730089213e+01  2.6580289898029e+01  2.5162575051415e+01
  1.1397584045050e+04  ms.29r4.b1         3  7.3016602891245e-05  5.8860127841995e+01  5.5204257265419e+02  2.6800509446815e+01  2.5202797370834e+01
  1.1504481076857e+04  ms.31r4.b1         3  1.8265500000000e-05  5.5429302665308e+01  6.1536902353419e+01  2.6897189225001e+01  2.5501387309501e+01
  1.1557929592760e+04  ms.32r4.b1         3 -1.1070000000000e-05  5.5458024153093e+01  7.1694797455982e+01  2.7081982413282e+01  2.5661343118108e+01
  1.1611378108664e+04  ms.33r4.b1         3  7.3016602891245e-05  5.8948580404379e+01  5.5282583115715e+02  2.7300610453080e+01  2.5702455855160e+01
  1.1718275140471e+04  ms.33l5.b1         3  1.8265500000000e-05  5.5979065239889e+01  6.5333501796874e+01  2.7396663853969e+01  2.6014498951952e+01
  1.1825172172277e+04  ms.31l5.b1         3  7.3016602891245e-05  5.8812402674376e+01  5.5192284695029e+02  2.7800483473577e+01  2.6202773402225e+01
  1.1878620688181e+04  ms.30l5.b1         3 -4.3650904931235e-05  5.6058529018053e+02  4.2271451016080e+01  2.7845663590758e+01  2.6262597931073e+01
  1.1932069204084e+04  ms.29l5.b1         3  1.8265500000000e-05  6.1511270631401e+01  6.1397976260122e+01  2.7894481593867e+01  2.6503265137488e+01
  1.2038966235891e+04  ms.27l5.b1         3  7.3016602891245e-05  5.3507734794090e+01  5.5771278859907e+02  2.8298285621058e+01  2.6702708065552e+01
  1.2092414751795e+04  ms.26l5.b1         3 -4.3650904931235e-05  5.6412220073025e+02  3.9665902561607e+01  2.8345564305263e+01  2.6764228875297e+01
  1.2145863267698e+04  ms.25l5.b1         3  1.8265500000000e-05  5.5954139606123e+01  6.5206347902268e+01  2.8396665582599e+01  2.7014112531653e+01
  1.2199311783602e+04  ms.24l5.b1         3 -1.1070000000000e-05  5.5357863165482e+01  7.4789038587739e+01  2.8580079563125e+01  2.7162478199935e+01
  1.2252760299505e+04  ms.23l5.b1         3  7.3016602891245e-05  5.8806423447926e+01  5.5195749082160e+02  2.8800439037862e+01  2.7202744803478e+01
  1.2306208815409e+04  ms.22l5.b1         3 -4.3650904931235e-05  5.6038403019632e+02  4.2346303583802e+01  2.8845629853729e+01  2.7262511829109e+01
  1.2359657331312e+04  ms.21l5.b1         3  1.8265500000000e-05  6.1479713832231e+01  6.1303352169773e+01  2.8894469846407e+01  2.7502876462990e+01
  1.2413105847216e+04  ms.20l5.b1         3 -1.1070000000000e-05  5.8858318015871e+01  7.2464667493382e+01  2.9054789802075e+01  2.7661975398320e+01
  1.2466554363119e+04  ms.19l5.b1         3  7.3016602891245e-05  5.3503402327062e+01  5.5773919125151e+02  2.9298237597131e+01  2.7702679644828e+01
  1.2520002879023e+04  ms.18l5.b1         3 -4.3650904931235e-05  5.6391318597741e+02  3.9737335959821e+01  2.9345527282621e+01  2.7764140675618e+01
  1.2573451394926e+04  ms.17l5.b1         3  1.8265500000000e-05  5.5924264537896e+01  6.5089506038954e+01  2.9396652508710e+01  2.8013741030812e+01
  1.2626899910830e+04  ms.16l5.b1         3 -1.1070000000000e-05  5.5373787039202e+01  7.4700560922374e+01  2.9580110615043e+01  2.8162426517425e+01
  1.2680348426733e+04  ms.15l5.b1         3  7.3016602891245e-05  5.8800499496506e+01  5.5198467262720e+02  2.9800391274128e+01  2.8202716469125e+01
  1.2733796942636e+04  ms.14l5.b1         3 -4.3650904931235e-05  5.6017706663380e+02  4.2420172785811e+01  2.9845593009262e+01  2.8262427300562e+01
  1.2787245458540e+04  ms.13l5.b1         3  1.8265500000000e-05  6.2278113879987e+01  6.0498834245172e+01  2.9894392289258e+01  2.8502549838662e+01
  1.2840693974443e+04  ms.12l5.b1         3 -1.1070000000000e-05  6.4557883600798e+01  6.7759937258204e+01  3.0041651314451e+01  2.8673481819125e+01
  1.2895413490347e+04  ms.11l5.b1         3  7.3016602891245e-05  5.6002517959437e+01  5.2558414560207e+02  3.0308438457255e+01  2.8715959288915e+01
  1.2948156200949e+04  ms.10l5.b1         3 -4.3650904931235e-05  6.2836671852851e+02  1.2803276720764e+01  3.0349756236348e+01  2.9092438325414e+01
  1.3715409200949e+04  ms.10r5.b1         3  6.6667443918525e-05  7.2407676332719e+01  5.7286426928962e+02  3.2311087187846e+01  3.0688417460035e+01
  1.3768229890347e+04  ms.11r5.b1         3 -4.1264560099350e-05  5.9333739843806e+02  4.3354278368681e+01  3.2348594606755e+01  3.0747671231261e+01
  1.3821685374443e+04  ms.12r5.b1         3  1.8265500000000e-05  6.3101482835491e+01  5.9090028103990e+01  3.2395617515554e+01  3.0995544609945e+01
  1.3875136858540e+04  ms.13r5.b1         3 -1.1070000000000e-05  5.9507637991025e+01  7.1373633742375e+01  3.2551677669399e+01  3.1161135253585e+01
  1.3928588342636e+04  ms.14r5.b1         3  6.6667443918525e-05  5.2871568553676e+01  5.5897775793671e+02  3.2797545703911e+01  3.1202112306463e+01
  1.3982039826733e+04  ms.15r5.b1         3 -4.1264560099350e-05  5.5818957382710e+02  4.5516309506157e+01  3.2845379410274e+01  3.1259285280355e+01
  1.4035491310829e+04  ms.16r5.b1         3  1.8265500000000e-05  6.6712395730974e+01  5.7813823128310e+01  3.2892302507812e+01  3.1488478725332e+01
  1.4088942794926e+04  ms.17r5.b1         3 -1.1070000000000e-05  6.4662512733351e+01  6.9738961802683e+01  3.3033259946968e+01  3.1660757363137e+01
  1.4142394279023e+04  ms.18r5.b1         3  6.6667443918525e-05  4.8918711012806e+01  5.6357518785075e+02  3.3295631488285e+01  3.1702049458256e+01
  1.4195845763119e+04  ms.19r5.b1         3 -4.1264560099350e-05  5.6081812174848e+02  4.3415115122150e+01  3.3345302464882e+01  3.1760403172319e+01
  1.4249297247216e+04  ms.20r5.b1         3  1.8265500000000e-05  6.2025557329444e+01  5.9991233302713e+01  3.3393903468173e+01  3.1997241092330e+01
  1.4302748731312e+04  ms.21r5.b1         3 -1.1070000000000e-05  5.9488701046802e+01  7.1342901137968e+01  3.3551822654718e+01  3.2161121219626e+01
  1.4356200215409e+04  ms.22r5.b1         3  6.6667443918525e-05  5.2891066288586e+01  5.5894797853199e+02  3.3797538969346e+01  3.2202108414671e+01
  1.4409651699505e+04  ms.23r5.b1         3 -4.1264560099350e-05  5.5806182800761e+02  4.5537288162750e+01  3.3845369227264e+01  3.2259269212006e+01
  1.4463103183602e+04  ms.24r5.b1         3  1.8265500000000e-05  6.6662976026158e+01  5.7797210049743e+01  3.3892315770545e+01  3.2488357973915e+01
  1.4516554667698e+04  ms.25r5.b1         3 -1.1070000000000e-05  6.4628040769675e+01  6.9709343437235e+01  3.4033397400470e+01  3.2660743378490e+01
  1.4570006151795e+04  ms.26r5.b1         3  6.6667443918525e-05  4.8937976565431e+01  5.6354473571349e+02  3.4295625599017e+01  3.2702045588544e+01
  1.4623457635891e+04  ms.27r5.b1         3 -4.1264560099350e-05  5.6069048728542e+02  4.3435409593832e+01  3.4345292310249e+01  3.2760386673958e+01
  1.4676909119988e+04  ms.28r5.b1         3  1.8265500000000e-05  6.1978955131138e+01  5.9969527740841e+01  3.4393917884350e+01  3.2997123731125e+01
  1.4783812088181e+04  ms.30r5.b1         3  6.6667443918525e-05  5.2910653798636e+01  5.5891331751382e+02  3.4797529973244e+01  3.3202104715856e+01
  1.4837263572277e+04  ms.31r5.b1         3 -4.1264560099350e-05  5.5793031483770e+02  4.5557543645461e+01  3.4845356911441e+01  3.3259254079873e+01
  1.4890715056374e+04  ms.32r5.b1         3  1.8265500000000e-05  6.6612749535629e+01  5.7781477347144e+01  3.4892327383811e+01  3.3488239245057e+01
  1.4997618024567e+04  ms.34l6.b1         3  6.6667443918525e-05  4.8958074864179e+01  5.6354084458493e+02  3.5295633807272e+01  3.3702040722693e+01
  1.5104520992760e+04  ms.32l6.b1         3  1.8265500000000e-05  6.6995183142444e+01  5.9841650407625e+01  3.5392011392741e+01  3.3998701653916e+01
  1.5157972476857e+04  ms.31l6.b1         3 -1.1070000000000e-05  6.4795895701588e+01  7.2012175272761e+01  3.5532358736991e+01  3.4161681687499e+01
  1.5211423960953e+04  ms.30l6.b1         3  6.6667443918525e-05  4.8857971660183e+01  5.6296819739173e+02  3.5795537213680e+01  3.4202324480532e+01
  1.5318326929146e+04  ms.28l6.b1         3  1.8265500000000e-05  6.6622196854816e+01  5.7790146668309e+01  3.5892336334841e+01  3.4488223285316e+01
  1.5371778413243e+04  ms.27l6.b1         3 -1.1070000000000e-05  6.4596723858015e+01  6.9666299895584e+01  3.6033524994932e+01  3.4660719791472e+01
  1.5425229897339e+04  ms.26l6.b1         3  6.6667443918525e-05  4.8956024491049e+01  5.6340108047160e+02  3.6295632757669e+01  3.4702040441235e+01
  1.5478681381436e+04  ms.25l6.b1         3 -4.1264560099350e-05  5.6059971918100e+02  4.3450326763210e+01  3.6345294159544e+01  3.4760378825080e+01
  1.5532132865532e+04  ms.24l6.b1         3  1.8265500000000e-05  6.1940455559788e+01  5.9956841014468e+01  3.6393939396749e+01  3.4996990907201e+01
  1.5585584349629e+04  ms.23l6.b1         3 -1.1070000000000e-05  5.9451888505259e+01  7.1269250668803e+01  3.6552101698714e+01  3.5161084070971e+01
  1.5639035833725e+04  ms.22l6.b1         3  6.6667443918525e-05  5.2928984332800e+01  5.5877613974596e+02  3.6797538627386e+01  3.5202099369528e+01
  1.5692487317822e+04  ms.21l6.b1         3 -4.1264560099350e-05  5.5784340488894e+02  4.5573479632899e+01  3.6845360866486e+01  3.5259245620162e+01
  1.5745938801918e+04  ms.20l6.b1         3  1.8265500000000e-05  6.6572837555877e+01  5.7773677874584e+01  3.6892349610438e+01  3.5488102511317e+01
  1.5799390286015e+04  ms.19l6.b1         3 -1.1070000000000e-05  6.4562457069687e+01  6.9636705353900e+01  3.7033662582220e+01  3.5660705795354e+01
  1.5852841770111e+04  ms.18l6.b1         3  6.6667443918525e-05  4.8975317184090e+01  5.6337061195655e+02  3.7295626881637e+01  3.5702036570474e+01
  1.5906293254208e+04  ms.17l6.b1         3 -4.1264560099350e-05  5.6047235156434e+02  4.3470621398952e+01  3.7345284002558e+01  3.5760362342153e+01
  1.5959744738305e+04  ms.16l6.b1         3  1.8265500000000e-05  6.1893910216679e+01  5.9935282503048e+01  3.7393953827534e+01  3.5996873505402e+01
  1.6013196222401e+04  ms.15l6.b1         3 -1.1070000000000e-05  5.9433215591424e+01  7.1239318095187e+01  3.7552246498186e+01  3.6161070255172e+01
  1.6066647706498e+04  ms.14l6.b1         3  6.6667443918525e-05  5.2948452113346e+01  5.5874499849290e+02  3.7797531890355e+01  3.6202095494648e+01
  1.6120099190594e+04  ms.13l6.b1         3 -4.1264560099350e-05  5.6136915300293e+02  4.3347601558382e+01  3.7845255588529e+01  3.6260683443727e+01
  1.6173550674691e+04  ms.12l6.b1         3  1.8265500000000e-05  6.9203376160269e+01  6.0042979105669e+01  3.7891130866754e+01  3.6499989976478e+01
  1.6228273158787e+04  ms.11l6.b1         3 -1.1070000000000e-05  6.2069044757650e+01  8.0857433064437e+01  3.8029377725436e+01  3.6662904211168e+01
  1.7100235473969e+04  ms.11r6.b1         3  2.2134967893495e-05  3.9761497201637e+01  1.6955124297133e+02  3.9585920426350e+01  3.8086630849278e+01
  1.7153690958065e+04  ms.12r6.b1         3 -1.2137967247712e-05  1.7802264415823e+02  3.0625240513235e+01  3.9689766203179e+01  3.8227768126771e+01
  1.7207142442162e+04  ms.13r6.b1         3  2.2134967893495e-05  3.1900280847885e+01  1.7685809474080e+02  3.9823555517568e+01  3.8348985464518e+01
  1.7260593926258e+04  ms.14r6.b1         3 -1.2137967247712e-05  1.7572610816323e+02  3.2336492283277e+01  3.9942326669858e+01  3.8482017812746e+01
  1.7314045410355e+04  ms.15r6.b1         3  2.2134967893495e-05  3.1631220524146e+01  1.7633539229308e+02  4.0077825401775e+01  3.8599613781734e+01
  1.7367496894451e+04  ms.16r6.b1         3 -1.2137967247712e-05  1.7615651093603e+02  3.2538104857117e+01  4.0197041037106e+01  3.8732360009693e+01
  1.7420948378548e+04  ms.17r6.b1         3  2.2134967893495e-05  3.1894971540810e+01  1.7685605056699e+02  4.0331569279580e+01  3.8849294396021e+01
  1.7474399862644e+04  ms.18r6.b1         3 -1.2137967247712e-05  1.7564948711850e+02  3.2336344090743e+01  4.0450384781447e+01  3.8982328165397e+01
  1.7527851346741e+04  ms.19r6.b1         3  2.2134967893495e-05  3.1637204015581e+01  1.7633743843339e+02  4.0585905950499e+01  3.9099923625396e+01
  1.7581302830837e+04  ms.20r6.b1         3 -1.2137967247712e-05  1.7623183595447e+02  3.2538252288896e+01  4.0705075970230e+01  3.9232668437927e+01
  1.7634754314934e+04  ms.21r6.b1         3  2.2134967893495e-05  3.1888329162386e+01  1.7685400246331e+02  4.0839584544492e+01  3.9349603331089e+01
  1.7688205799030e+04  ms.22r6.b1         3 -1.2137967247712e-05  1.7557565066207e+02  3.2336197423386e+01  4.0958446347891e+01  3.9482638519459e+01
  1.7741657283127e+04  ms.23r6.b1         3  2.2134967893495e-05  3.1644488304842e+01  1.7633948848820e+02  4.1093984803595e+01  3.9600233465455e+01
  1.7795108767224e+04  ms.24r6.b1         3 -1.2137967247712e-05  1.7630399511088e+02  3.2538398191416e+01  4.1213107539050e+01  3.9732976864772e+01
  1.7848560251320e+04  ms.25r6.b1         3  2.2134967893495e-05  3.1880421579854e+01  1.7685195046544e+02  4.1347601639800e+01  3.9849912269743e+01
  1.7902011735417e+04  ms.26r6.b1         3 -1.2137967247712e-05  1.7550535325546e+02  3.2336052284095e+01  4.1466511226785e+01  3.9982948874926e+01
  1.7955463219513e+04  ms.27r6.b1         3  2.2134967893495e-05  3.1652998966125e+01  1.7634154242117e+02  4.1602061639024e+01  4.0100543301912e+01
  1.8008914703610e+04  ms.28r6.b1         3 -1.2137967247712e-05  1.7637225107483e+02  3.2538542567854e+01  4.1721135907433e+01  4.0233285290239e+01
  1.8062366187706e+04  ms.29r6.b1         3  2.2134967893495e-05  3.1871329597372e+01  1.7684989460012e+02  4.1855620874712e+01  4.0350221211980e+01
  1.8169269155899e+04  ms.31r6.b1         3  2.2134967893495e-05  3.1662649032099e+01  1.7634360020659e+02  4.2110136155813e+01  4.0600853134754e+01
  1.8222720639996e+04  ms.32r6.b1         3 -1.2137967247712e-05  1.7643590641187e+02  3.2538685410686e+01  4.2229161271527e+01  4.0733593714348e+01
  1.8276172124092e+04  ms.33r6.b1         3  2.2134967893495e-05  3.1861146111014e+01  1.7684783491211e+02  4.2363642537070e+01  4.0850530157818e+01
  1.8383075092285e+04  ms.33l7.b1         3  2.2134967893495e-05  3.1673339903053e+01  1.7634566180835e+02  4.2618208077196e+01  4.1101162963980e+01
  1.8489978060478e+04  ms.31l7.b1         3  2.2134967893495e-05  3.1849975182698e+01  1.7684577141036e+02  4.2871666890393e+01  4.1350839107249e+01
  1.8543429544575e+04  ms.30l7.b1         3 -1.2137967247712e-05  1.7532265394152e+02  3.2335626052752e+01  4.2990723811022e+01  4.1483879949568e+01
  1.8596881028671e+04  ms.29l7.b1         3  2.2134967893495e-05  3.1684962335558e+01  1.7634772719926e+02  4.3126277153420e+01  4.1601472789577e+01
  1.8703783996865e+04  ms.27l7.b1         3  2.2134967893495e-05  3.1837930954649e+01  1.7684370413620e+02  4.3379694171210e+01  4.1851148060298e+01
  1.8757235480961e+04  ms.26l7.b1         3 -1.2137967247712e-05  1.7527322676377e+02  3.2335487046079e+01  4.3498799858868e+01  4.1984190310490e+01
  1.8810686965058e+04  ms.25l7.b1         3  2.2134967893495e-05  3.1697397573650e+01  1.7634979634576e+02  4.3634343164303e+01  4.2101782611546e+01
  1.8864138449154e+04  ms.24l7.b1         3 -1.2137967247712e-05  1.7659303869268e+02  3.2539104737318e+01  4.3753221738646e+01  4.2234518978646e+01
  1.8917589933251e+04  ms.23l7.b1         3  2.2134967893495e-05  3.1825136495058e+01  1.7684163312099e+02  4.3887724586614e+01  4.2351457016953e+01
  1.8971041417347e+04  ms.22l7.b1         3 -1.2137967247712e-05  1.7523042881151e+02  3.2335349576733e+01  4.4006878033499e+01  4.2484500672734e+01
  1.9024492901444e+04  ms.21l7.b1         3  2.2134967893495e-05  3.1710518551029e+01  1.7635186921940e+02  4.4142405921458e+01  4.2602092429873e+01
  1.9077944385540e+04  ms.20l7.b1         3 -1.2137967247712e-05  1.7663235362585e+02  3.2539241435125e+01  4.4261237614958e+01  4.2734827397456e+01
  1.9131395869637e+04  ms.19l7.b1         3  2.2134967893495e-05  3.1811722536304e+01  1.7683955839766e+02  4.4395758312126e+01  4.2851765977237e+01
  1.9184847353733e+04  ms.18l7.b1         3 -1.2137967247712e-05  1.7519469740197e+02  3.2335213647280e+01  4.4514958019976e+01  4.2984811036295e+01
  1.9238298837830e+04  ms.17l7.b1         3  2.2134967893495e-05  3.1724191202196e+01  1.7635394578370e+02  4.4650465270153e+01  4.3102402244563e+01
  1.9291750321926e+04  ms.16l7.b1         3 -1.2137967247712e-05  1.7666441019235e+02  3.2539376593839e+01  4.4769251870547e+01  4.3235135814974e+01
  1.9345201806023e+04  ms.15l7.b1         3  2.2134967893495e-05  3.1797826145102e+01  1.7683747999517e+02  4.4903795489807e+01  4.3352074941142e+01
  1.9398653290119e+04  ms.14l7.b1         3 -1.2137967247712e-05  1.7516639762386e+02  3.2335079260827e+01  4.5023039484379e+01  4.3485121401148e+01
  1.9452104774216e+04  ms.13l7.b1         3  2.2134967893495e-05  3.1685965649523e+01  1.7663744793386e+02  4.5158537670864e+01  4.3602709294475e+01
  1.9505556258312e+04  ms.12l7.b1         3 -1.2137967247712e-05  1.7489015247488e+02  3.3875496096814e+01  4.5277892216665e+01  4.3732139652930e+01
  1.9560278742409e+04  ms.11l7.b1         3  2.2134967893495e-05  3.0794953853690e+01  1.7227858508010e+02  4.5427628723564e+01  4.3846299521120e+01
  2.0433103057591e+04  ms.11r7.b1         3 -1.2137967247712e-05  1.7583080300752e+02  3.3768968688304e+01  4.7325793379405e+01  4.5314571488820e+01
  2.0486558541687e+04  ms.12r7.b1         3  2.2134967893495e-05  3.0605725699784e+01  1.7743411373443e+02  4.7464165058632e+01  4.5428771246468e+01
  2.0540010025784e+04  ms.13r7.b1         3 -1.2137967247712e-05  1.7521599754655e+02  3.2350381830205e+01  4.7586152676109e+01  4.5561603538370e+01
  2.0593461509880e+04  ms.14r7.b1         3  2.2134967893495e-05  3.1845673597838e+01  1.7689619027623e+02  4.7721302481959e+01  4.5678938606110e+01
  2.0646912993977e+04  ms.15r7.b1         3 -1.2137967247712e-05  1.7660873163785e+02  3.2524016780223e+01  4.7839831419600e+01  4.5811444636056e+01
  2.0700364478073e+04  ms.16r7.b1         3  2.2134967893495e-05  3.1677473293988e+01  1.7629529502985e+02  4.7974744505552e+01  4.5928638901147e+01
  2.0753815962170e+04  ms.17r7.b1         3 -1.2137967247712e-05  1.7525632604093e+02  3.2350630647741e+01  4.8094231573539e+01  4.6061913755866e+01
  2.0807267446266e+04  ms.18r7.b1         3  2.2134967893495e-05  3.1857193969896e+01  1.7689814939862e+02  4.8229327875856e+01  4.6179247467582e+01
  2.0860718930363e+04  ms.19r7.b1         3 -1.2137967247712e-05  1.7656494620797e+02  3.2523767305839e+01  4.8347848470668e+01  4.6311753199774e+01
  2.0914170414459e+04  ms.20r7.b1         3  2.2134967893495e-05  3.1666412310055e+01  1.7629333819524e+02  4.8482815419808e+01  4.6428948818800e+01
  2.0967621898556e+04  ms.21r7.b1         3 -1.2137967247712e-05  1.7530345648460e+02  3.2350880776847e+01  4.8602308453715e+01  4.6562223970966e+01
  2.1021073382652e+04  ms.22r7.b1         3  2.2134967893495e-05  3.1867767289869e+01  1.7690010395386e+02  4.8737350484935e+01  4.6679556325635e+01
  2.1074524866749e+04  ms.23r7.b1         3 -1.2137967247712e-05  1.7651459121787e+02  3.2523516525274e+01  4.8855867661117e+01  4.6812061765860e+01
  2.1127976350845e+04  ms.24r7.b1         3  2.2134967893495e-05  3.1656353682926e+01  1.7629138593051e+02  4.8990889028183e+01  4.6929258739883e+01
  2.1181427834942e+04  ms.25r7.b1         3 -1.2137967247712e-05  1.7535690730290e+02  3.2351132209509e+01  4.9110383015188e+01  4.7062534183665e+01
  2.1234879319038e+04  ms.26r7.b1         3  2.2134967893495e-05  3.1877285512627e+01  1.7690205391928e+02  4.9245370563239e+01  4.7179865180282e+01
  2.1288330803135e+04  ms.27r7.b1         3 -1.2137967247712e-05  1.7645818119965e+02  3.2523264439606e+01  4.9363889279247e+01  4.7312370334337e+01
  2.1341782287232e+04  ms.28r7.b1         3  2.2134967893495e-05  3.1647400191646e+01  1.7628943827287e+02  4.9498965063386e+01  4.7429568664400e+01
  2.1448685255425e+04  ms.30r7.b1         3  2.2134967893495e-05  3.1885651386352e+01  1.7690399925965e+02  4.9753388390163e+01  4.7680174031525e+01
  2.1502136739521e+04  ms.31r7.b1         3 -1.2137967247712e-05  1.7639629254953e+02  3.2523011055099e+01  4.9871913589018e+01  4.7812678905206e+01
  2.1555588223618e+04  ms.32r7.b1         3  2.2134967893495e-05  3.1639643322397e+01  1.7628749525266e+02  5.0007043232801e+01  4.7929878592330e+01
  2.1662491191811e+04  ms.34l8.b1         3  2.2134967893495e-05  3.1892779425024e+01  1.7690593994902e+02  5.0261404267618e+01  4.8180482879380e+01
  2.1769394160004e+04  ms.32l8.b1         3  2.2134967893495e-05  3.1633162334480e+01  1.7628555689978e+02  5.0515123221538e+01  4.8430188523680e+01
  2.1822845644100e+04  ms.31l8.b1         3 -1.2137967247712e-05  1.7554943155297e+02  3.2351894306731e+01  5.0634590152817e+01  4.8563464807211e+01
  2.1876297128197e+04  ms.30l8.b1         3  2.2134967893495e-05  3.1898596796676e+01  1.7690787595544e+02  5.0769418516984e+01  4.8680791723852e+01
  2.1983200096390e+04  ms.28l8.b1         3  2.2134967893495e-05  3.1628023450283e+01  1.7628362324413e+02  5.1023204695674e+01  4.8930498458426e+01
  2.2036651580486e+04  ms.27l8.b1         3 -1.2137967247712e-05  1.7562214368924e+02  3.2352150923930e+01  5.1142652949907e+01  4.9063775010166e+01
  2.2090103064583e+04  ms.26l8.b1         3  2.2134967893495e-05  3.1903044055774e+01  1.7690980725329e+02  5.1277431475894e+01  4.9181100564947e+01
  2.2143554548679e+04  ms.25l8.b1         3 -1.2137967247712e-05  1.7618431924010e+02  3.2522243137876e+01  5.1396004888530e+01  4.9313604632336e+01
  2.2197006032776e+04  ms.24l8.b1         3  2.2134967893495e-05  3.1624279181936e+01  1.7628169431181e+02  5.1531287305740e+01  4.9430808396575e+01
  2.2250457516873e+04  ms.23l8.b1         3 -1.2137967247712e-05  1.7569791984124e+02  3.2352408830264e+01  5.1650712336290e+01  4.9564085210655e+01
  2.2303909000969e+04  ms.22l8.b1         3  2.2134967893495e-05  3.1906075764887e+01  1.7691173380850e+02  5.1785443494809e+01  4.9681409402671e+01
  2.2357360485066e+04  ms.21l8.b1         3 -1.2137967247712e-05  1.7610729978061e+02  3.2521984591588e+01  5.1904042029667e+01  4.9813913212920e+01
  2.2410811969162e+04  ms.20l8.b1         3  2.2134967893495e-05  3.1621967784933e+01  1.7627977013569e+02  5.2039370690348e+01  4.9931118338104e+01
  2.2464263453259e+04  ms.19l8.b1         3 -1.2137967247712e-05  1.7577598573295e+02  3.2352668016560e+01  5.2158768192028e+01  5.0064395408665e+01
  2.2517714937355e+04  ms.18l8.b1         3  2.2134967893495e-05  3.1907660940316e+01  1.7691365559775e+02  5.2293454933567e+01  5.0181718237040e+01
  2.2571166421452e+04  ms.17l8.b1         3 -1.2137967247712e-05  1.7602838700486e+02  3.2521724764130e+01  5.2412082732851e+01  5.0314221795968e+01
  2.2624617905548e+04  ms.16l8.b1         3  2.2134967893495e-05  3.1621112880607e+01  1.7627785074123e+02  5.2547454480004e+01  5.0431428283019e+01
  2.2678069389645e+04  ms.15l8.b1         3 -1.2137967247712e-05  1.7585554367884e+02  3.2352928484228e+01  5.2666820433539e+01  5.0564705604184e+01
  2.2731520873741e+04  ms.14l8.b1         3  2.2134967893495e-05  3.1907783388834e+01  1.7691557259535e+02  5.2801466157761e+01  5.0682027068054e+01
  2.2784972357838e+04  ms.13l8.b1         3 -1.2137967247712e-05  1.7667791881099e+02  3.2382196045811e+01  5.2920119894448e+01  5.0814572464978e+01
  2.2838423841934e+04  ms.12l8.b1         3  2.2134967893495e-05  3.4724314674315e+01  1.7334562927020e+02  5.3047072477399e+01  5.0933364889150e+01
  2.2893146326031e+04  ms.11l8.b1         3 -1.2137967247712e-05  1.6697425467231e+02  3.4823350487095e+01  5.3161238007056e+01  5.1072127613454e+01
  2.3765100726031e+04  ms.11r8.b1         3  1.8265500000000e-05  6.5631972253023e+01  6.3237579686290e+01  5.5612017235150e+01  5.3388813162959e+01
  2.3818553241934e+04  ms.12r8.b1         3 -1.1070000000000e-05  5.8904397964837e+01  7.7268980591782e+01  5.5765433272917e+01  5.3536130676296e+01
  2.3872001757838e+04  ms.13r8.b1         3  7.5827591417610e-05  5.3369936010441e+01  5.5457464372748e+02  5.6008659708961e+01  5.3575675599694e+01
  2.3925450273741e+04  ms.14r8.b1         3 -4.5671562124830e-05  5.5606850308375e+02  4.2126403120059e+01  5.6056353415744e+01  5.3635457562468e+01
  2.3978898789645e+04  ms.15r8.b1         3  1.8265500000000e-05  6.0738510685517e+01  6.1626168577347e+01  5.6105696960971e+01  5.3875762476873e+01
  2.4032347305548e+04  ms.16r8.b1         3 -1.1070000000000e-05  5.9094305889178e+01  7.2149111537715e+01  5.6267047352103e+01  5.4034750878903e+01
  2.4085795821452e+04  ms.17r8.b1         3  7.5827591417610e-05  5.3361691189290e+01  5.5473919812797e+02  5.6508637465971e+01  5.4075663940699e+01
  2.4139244337355e+04  ms.18r8.b1         3 -4.5671562124830e-05  5.5618740902266e+02  4.2009365467485e+01  5.6556327007997e+01  5.4135520495539e+01
  2.4192692853259e+04  ms.19r8.b1         3  1.8265500000000e-05  6.0473351262633e+01  6.1775687965398e+01  5.6605776775432e+01  5.4376306121646e+01
  2.4246141369162e+04  ms.20r8.b1         3 -1.1070000000000e-05  5.8873500774066e+01  7.2281784115367e+01  5.6768175165779e+01  5.4534772457337e+01
  2.4299589885066e+04  ms.21r8.b1         3  7.5827591417610e-05  5.3577304081504e+01  5.5440002658689e+02  5.7008718910391e+01  5.4575650485922e+01
  2.4353038400969e+04  ms.22r8.b1         3 -4.5671562124830e-05  5.5590366177963e+02  4.2152310433388e+01  5.7056325743489e+01  5.4635424443609e+01
  2.4406486916873e+04  ms.23r8.b1         3  1.8265500000000e-05  6.0798758399782e+01  6.1591432039365e+01  5.7105651572812e+01  5.4875662947936e+01
  2.4459935432776e+04  ms.24r8.b1         3 -1.1070000000000e-05  5.9162979994569e+01  7.2144284553113e+01  5.7266727407062e+01  5.5034729384298e+01
  2.4513383948679e+04  ms.25r8.b1         3  7.5827591417610e-05  5.3290818299000e+01  5.5488373883489e+02  5.7508573156695e+01  5.5075638389896e+01
  2.4566832464583e+04  ms.26r8.b1         3 -4.5671562124830e-05  5.5606079857653e+02  4.2034649454909e+01  5.7556300986064e+01  5.5135467856624e+01
  2.4620280980486e+04  ms.27r8.b1         3  1.8265500000000e-05  6.0533395963565e+01  6.1740656336355e+01  5.7605731218293e+01  5.5376206418516e+01
  2.4673729496390e+04  ms.28r8.b1         3 -1.1070000000000e-05  5.8940555798461e+01  7.2276784018999e+01  5.7767853842699e+01  5.5534750921312e+01
  2.4727178012293e+04  ms.29r8.b1         3  7.5827591417610e-05  5.3506218763337e+01  5.5454460840565e+02  5.8008654724155e+01  5.5575624951276e+01
  2.4834075044100e+04  ms.31r8.b1         3  1.8265500000000e-05  6.0521593276006e+01  6.1564808891246e+01  5.8105749103679e+01  5.5875454365641e+01
  2.4887523560004e+04  ms.32r8.b1         3 -1.1070000000000e-05  5.8969386479714e+01  7.2091613553238e+01  5.8267831654862e+01  5.6034665704878e+01
  2.4940972075907e+04  ms.33r8.b1         3  7.5827591417610e-05  5.3500021350274e+01  5.5470817926593e+02  5.8508637643137e+01  5.6075595097335e+01
  2.5047869107714e+04  ms.33l1.b1         3  1.8265500000000e-05  6.0574635736831e+01  6.1697556950021e+01  5.8605689784798e+01  5.6376022460138e+01
  2.5154766139521e+04  ms.31l1.b1         3  7.5827591417610e-05  5.3464008074922e+01  5.5460548732882e+02  5.9008610186307e+01  5.6575596447415e+01
  2.5208214655425e+04  ms.30l1.b1         3 -4.5671562124830e-05  5.5574174025012e+02  4.2218233226926e+01  5.9056275988492e+01  5.6635309569635e+01
  2.5261663171328e+04  ms.29l1.b1         3  1.8265500000000e-05  6.0904612120192e+01  6.1504544809863e+01  5.9105564925965e+01  5.6875354333010e+01
  2.5368560203135e+04  ms.27l1.b1         3  7.5827591417610e-05  5.3175385946622e+01  5.5509354286270e+02  5.9508462552937e+01  5.7075583968991e+01
  2.5422008719038e+04  ms.26l1.b1         3 -4.5671562124830e-05  5.5589507029103e+02  4.2100519922873e+01  5.9556251113226e+01  5.7135352415115e+01
  2.5475457234942e+04  ms.25l1.b1         3  1.8265500000000e-05  6.0638705770769e+01  6.1652849071925e+01  5.9605644581845e+01  5.7375898408989e+01
  2.5528905750845e+04  ms.24l1.b1         3 -1.1070000000000e-05  5.9049967674132e+01  7.2233477437697e+01  5.9767304629004e+01  5.7534691896901e+01
  2.5582354266749e+04  ms.23l1.b1         3  7.5827591417610e-05  5.3390479436125e+01  5.5475447220824e+02  6.0008544334232e+01  5.7575570558042e+01
  2.5635802782652e+04  ms.22l1.b1         3 -4.5671562124830e-05  5.5561189054245e+02  4.2243439274395e+01  6.0056249878789e+01  5.7635256774020e+01
  2.5689251298556e+04  ms.21l1.b1         3  1.8265500000000e-05  6.0964564042042e+01  6.1470079227043e+01  6.0105519716614e+01  5.7875255443552e+01
  2.5742699814459e+04  ms.20l1.b1         3 -1.1070000000000e-05  5.9345119272853e+01  7.2096419363773e+01  6.0265861408184e+01  5.8034648906020e+01
  2.5796148330363e+04  ms.19l1.b1         3  7.5827591417610e-05  5.3104565214003e+01  5.5523763116503e+02  6.0508398019051e+01  5.8075558437280e+01
  2.5849596846266e+04  ms.18l1.b1         3 -4.5671562124830e-05  5.5576746206803e+02  4.2125794113631e+01  6.0556225089077e+01  5.8135299918073e+01
  2.5903045362170e+04  ms.17l1.b1         3  1.8265500000000e-05  6.0698755318113e+01  6.1618047987500e+01  6.0605599162042e+01  5.8375798604457e+01
  2.5956493878073e+04  ms.16l1.b1         3 -1.1070000000000e-05  5.9118324981553e+01  7.2228446172029e+01  6.0766984237664e+01  5.8534670349549e+01
  2.6009942393977e+04  ms.15l1.b1         3  7.5827591417610e-05  5.3319445940986e+01  5.5489860311771e+02  6.1008479924092e+01  5.8575545042459e+01
  2.6063390909880e+04  ms.14l1.b1         3 -4.5671562124830e-05  5.5548448209414e+02  4.2268665094730e+01  6.1056223865796e+01  5.8635204424026e+01
  2.6116839425784e+04  ms.13l1.b1         3  1.8265500000000e-05  6.1849911920879e+01  6.0720996683418e+01  6.1105410537472e+01  5.8875215478576e+01
  2.6170287941687e+04  ms.12l1.b1         3 -1.1070000000000e-05  6.5116811343271e+01  6.7477164547431e+01  6.1252487935134e+01  5.9046223304760e+01
  2.6225007457591e+04  ms.11l1.b1         3  7.5827591417610e-05  5.5478460343403e+01  5.2326100887870e+02  6.1518677084676e+01  5.9088888582667e+01
  2.6277750168193e+04  ms.10l1.b1         3 -4.5671562124830e-05  6.2239027556198e+02  1.2793058924143e+01  6.1560397606903e+01  5.9464958175898e+01
  2.6658883200000e+04  end_marker       100  0.0000000000000e+00  1.5073932735185e-01  1.5023489634297e-01  6.2310191212231e+01  6.0320034983738e+01
