   31.000700000000     lsd.10105           3  2.90947733400000E-05   21.412512577448       98.081982257638      0.10549105109678      0.13198014085365    
   62.998400000000     lsf.10205           3 -2.17705799600000E-05   99.137646275336       21.264794814166      0.24489008784090      0.24014847125461    
   94.996100000000     lsd.10305           3  3.46736630100000E-05   21.394108043448       100.19620452092      0.35199864335753      0.37917569103842    
   254.98460000000     lsf.10805           3 -1.67714401100000E-05   99.127682340612       21.644780498976      0.98453567129368      0.97740141824519    
   350.97770000000     lsd.10305           3  3.46736630100000E-05   21.394693058219       100.05548767405       1.3380935705440       1.3641443355821    
   382.97540000000     lsf.10805           3 -1.67714401100000E-05   99.123934413200       21.660031931881       1.4775853378740       1.4698857713672    
   414.97310000000     lsd.10105           3  2.90947733400000E-05   21.411636449657       98.292657459768       1.5846507295951       1.6089857168396    
   446.97080000000     lsf.10205           3 -2.17705799600000E-05   99.148961734554       21.216362511927       1.7240427778167       1.7171626987130    
   478.97050000000     lsd.10305           3  3.46736630100000E-05   21.392534363951       100.02861944466       1.8311571841677       1.8566063690664    
   638.95910000000     lsf.10805           3 -1.67714401100000E-05   99.131387401034       21.689642206726       2.4620689879986       2.4524381510506    
   734.95020000000     lsd.10305           3  3.46736630100000E-05   21.405179590951       99.876609477780       2.8156697088654       2.8390470232423    
   766.94790000000     lsf.10805           3 -1.67714401100000E-05   99.122080804947       21.692514507392       2.9551164446813       2.9448065881836    
   798.94560000000     lsd.10105           3  2.90947733400000E-05   21.401222521626       98.481343935766       3.0622138705888       3.0835823376717    
   830.94330000000     lsf.10205           3 -2.17705799600000E-05   99.148655044180       21.186322776900       3.2016526620908       3.1917271114128    
   862.94100000000     lsd.10305           3  3.46736630100000E-05   21.405398750307       99.775845815806       3.3087207168895       3.3315086043373    
   1022.9295000000     lsf.10805           3 -1.67714401100000E-05   99.123430229924       21.707393567261       3.9412153460225       3.9298086626855    
   1118.9226000000     lsd.10305           3  3.46736630100000E-05   21.405786545440       99.558331621381       4.2948229330037       4.3164078479307    
   1150.9223000000     lsf.10805           3 -1.67714401100000E-05   99.133421495204       21.708824771305       4.4342680854352       4.4223273946508    
   1182.9180000000     lsd.10105           3  2.90947733400000E-05   21.400641753225       98.806996818829       4.5413626361023       4.5606951315223    
   1214.9157000000     lsf.10205           3 -2.17705799600000E-05   99.146349900537       21.171192981364       4.6808062399761       4.6686737845081    
   1246.9134000000     lsd.10305           3  3.46736630100000E-05   21.405952225437       99.443558421240       4.7878741295028       4.8088447660393    
   1406.9019000000     lsf.10805           3 -1.67714401100000E-05   99.126128123056       21.711566399685       5.4203641175606       5.4073227401459    
   1502.8950000000     lsd.10305           3  3.46736630100000E-05   21.406220845837       99.207187110775       5.7739766670887       5.7936918984710    
   1534.8927000000     lsf.10805           3 -1.67714401100000E-05   99.127180327456       21.708045713013       5.9134138434871       5.8998269794969    
   1566.8924000000     lsd.10105           3  2.90947733400000E-05   21.397866249665       99.169996230580       6.0205257948948       6.0378902349219    
   1598.8881000000     lsf.10205           3 -2.17705799600000E-05   99.143305488780       21.178062381580       6.1599592522168       6.1456159304100    
   1630.8879000000     lsd.10305           3  3.46736630100000E-05   21.403652091473       99.143766516435       6.2670447150545       6.2860881591992    
   1790.8764000000     lsf.10805           3 -1.67714401100000E-05   99.145909519805       21.692531701659       6.8978996659116       6.8823990459816    
   1886.8675000000     lsd.10305           3  3.46736630100000E-05   21.415214358473       98.938408900998       7.2515646298744       7.2683656973388    
   1918.8652000000     lsf.10805           3 -1.67714401100000E-05   99.141099581185       21.675551750804       7.3909482993938       7.3747650041469    
   1950.8629000000     lsd.10105           3  2.90947733400000E-05   21.391466491181       99.423205672589       7.4980624781711       7.5127177738763    
   1982.8606000000     lsf.10205           3 -2.17705799600000E-05   99.127471255916       21.212611808871       7.6375652504044       7.6201739997952    
   2014.8583000000     lsd.10305           3  3.46736630100000E-05   21.414870906036       98.828890226817       7.7446188048217       7.7607553660106    
   2174.8468000000     lsf.10805           3 -1.67714401100000E-05   99.150974971434       21.652027844222       8.3770504733376       8.3597419661088    
   2270.8399000000     lsd.10305           3  3.46736630100000E-05   21.413921802138       98.619668185053       8.7307267490305       8.7455099584371    
   2302.8376000000     lsf.10805           3 -1.67714401100000E-05   99.155754790946       21.637337425943       8.8701020727682       8.8522236354220    
   2334.8353000000     lsd.10105           3  2.90947733400000E-05   21.392887884866       99.736443901851       8.9772026609195       8.9900470928156    
   2366.8330000000     lsf.10205           3 -2.17705799600000E-05   99.112978322941       21.253734581798       9.1167130582940       9.0971801584890    
   2398.8307000000     lsd.10305           3  3.46736630100000E-05   21.413323384763       98.521866769221       9.2237804630741       9.2378754522066    
   2558.8192000000     lsf.10805           3 -1.67714401100000E-05   99.164816797134       21.602766168243       9.8562062488084       9.8371701118726    
   2654.8123000000     lsd.10305           3  3.46736630100000E-05   21.411901590126       98.344320428218       10.209887246995       10.222584808848    
   2686.8100000000     lsf.10805           3 -1.67714401100000E-05   99.169029913055       21.583199601944       10.349258798855       10.329633766371    
   2718.8078000000     lsd.10105           3  2.90947733400000E-05   21.394898446546       100.00271911007       10.456345328547       10.467442748577    
   2750.8055000000     lsf.10205           3 -2.17705799600000E-05   99.100419501419       21.310061513470       10.595858855861       10.574239423441    
   2782.8052000000     lsd.10305           3  3.46736630100000E-05   21.408661146057       98.320911285406       10.702956525478       10.714916549912    
   2942.7937000000     lsf.10805           3 -1.67714401100000E-05   99.186039976029       21.550645972491       11.335375285074       11.313691774284    
   3038.7848000000     lsd.10305           3  3.46736630100000E-05   21.409153601494       98.238997662915       11.689052944367       11.698706269864    
   3070.7825000000     lsf.10805           3 -1.67714401100000E-05   99.179497221401       21.521424378794       11.828426672181       11.806005225573    
   3102.7802000000     lsd.10105           3  2.90947733400000E-05   21.397840628258       100.09257630052       11.935497398366       11.943997934116    
   3134.7779000000     lsf.10205           3 -2.17705799600000E-05   99.090047469493       21.371803992667       12.075007786255       12.050555451162    
   3166.7756000000     lsd.10305           3  3.46736630100000E-05   21.408195105121       98.186867485894       12.182105051877       12.191043926816    
   3326.7641000000     lsf.10805           3 -1.67714401100000E-05   99.185053205427       21.478038443970       12.814533936884       12.790867199849    
   3422.7572000000     lsd.10305           3  3.46736630100000E-05   21.406172860088       98.109328117543       13.168208303722       13.175708750866    
   3454.7569000000     lsf.10805           3 -1.67714401100000E-05   99.196455829106       21.453407880853       13.307591044527       13.283301390481    
   3486.7526000000     lsd.10105           3  2.90947733400000E-05   21.400869175845       100.20866490302       13.414644618138       13.421457359432    
   3518.7503000000     lsf.10205           3 -2.17705799600000E-05   99.082827593693       21.438058519878       13.554148442858       13.527747379772    
   3550.7480000000     lsd.10305           3  3.46736630100000E-05   21.405124525013       98.084623804803       13.661259428531       13.668037343653    
   3710.7365000000     lsf.10805           3 -1.67714401100000E-05   99.190521352006       21.410966949070       14.293696030195       14.268101505199    
   3806.7297000001     lsd.10305           3  3.46736630100000E-05   21.402874736617       98.064919941026       14.647361389845       14.652690794502    
   3838.7274000001     lsf.10805           3 -1.67714401100000E-05   99.191915743919       21.388823187440       14.786751162037       14.760497187227    
   3870.7761000001     lsd.10105           3  2.90947733400000E-05   21.343748140741       100.47481795950       14.894174924268       14.899015043133    
   3902.7248000001     lsf.10205           3 -2.17705799600000E-05   99.088004414631       21.502207225261       15.033291262865       15.005026059830    
   3934.7225000001     lsd.10305           3  3.46736630100000E-05   21.399255164574       98.124918192085       15.140427420034       15.145003087535    
   4094.6990000001     lsf.10805           3 -1.67714401100000E-05   99.149133586341       21.424670214412       15.771199370867       15.742907893935    
   4190.7531000001     lsd.10305           3  3.46736630100000E-05   21.342838819587       99.306234532153       16.125265910326       16.128228221318    
   4222.6968000001     lsf.10805           3 -1.67714401100000E-05   99.181750903034       21.404968665687       16.264266400084       16.235241452775    
   4254.6995000001     lsd.10105           3  2.90947733400000E-05   21.401569672372       99.221253743722       16.371328485934       16.374624236970    
   4286.6952000001     lsf.10205           3 -2.17705799600000E-05   99.075147800348       21.478988498530       16.510811106333       16.481420343166    
   4318.6929000001     lsd.10305           3  3.46736630100000E-05   21.402002771374       99.088926538007       16.617936262354       16.620551216177    
   4478.6814000001     lsf.10805           3 -1.67714401100000E-05   99.196432159620       21.400698866149       17.250380402462       17.220055730370    
   4574.6745000001     lsd.10305           3  3.46736630100000E-05   21.399747655495       99.122699033570       17.604035407122       17.605364687219    
   4606.6722000001     lsf.10805           3 -1.67714401100000E-05   99.196191257349       21.400880002692       17.743435012101       17.712451652893    
   4638.6699000001     lsd.10105           3  2.90947733400000E-05   21.407323265126       99.161514426969       17.850466986073       17.851859926163    
   4670.6676000001     lsf.10205           3 -2.17705799600000E-05   99.075174234538       21.478981593398       17.989949375095       17.958691475243    
   4702.6653000001     lsd.10305           3  3.46736630100000E-05   21.398655998891       99.139986333101       18.097084437135       18.097773386925    
   4862.6538000001     lsf.10805           3 -1.67714401100000E-05   99.194327860138       21.402305435618       18.729544099955       18.697244006765    
   4958.6470000001     lsd.10305           3  3.46736630100000E-05   21.396707445769       99.174098809067       19.083181743951       19.082595589132    
   4990.6447000001     lsf.10805           3 -1.67714401100000E-05   99.192346663697       21.403598068746       19.222598612910       19.189641636681    
   5022.6934000001     lsd.10105           3  2.90947733400000E-05   21.349854003479       99.344150061356       19.330003882999       19.329168991250    
   5054.6421000001     lsf.10205           3 -2.17705799600000E-05   99.088841203235       21.473372568672       19.469092218209       19.435975780199    
   5086.6398000001     lsd.10305           3  3.46736630100000E-05   21.393202291269       99.246927489182       19.576245792648       19.574994394256    
   5246.6163000001     lsf.10805           3 -1.67714401100000E-05   99.142557793306       21.434202522838       20.208698193998       20.173493635231    
   5342.6704000001     lsd.10305           3  3.46736630100000E-05   21.333441749705       99.572152377662       20.562712097059       20.559031595553    
   5374.6171000001     lsf.10805           3 -1.67714401100000E-05   99.184881044138       21.416303836378       20.701769435098       20.665853863760    
   5406.6168000001     lsd.10105           3  2.90947733400000E-05   21.410787601184       98.956978631422       20.808806213786       20.805402643540    
   5438.6125000001     lsf.10205           3 -2.17705799600000E-05   99.087798316062       21.461529415829       20.948235502276       20.912418934788    
   5470.6102000001     lsd.10305           3  3.46736630100000E-05   21.392988509058       99.352111133012       21.055379288320       21.051375025550    
   5630.5987000001     lsf.10805           3 -1.67714401100000E-05   99.177916564499       21.425831603511       21.687876576722       21.650660085496    
   5726.5918000001     lsd.10305           3  3.46736630100000E-05   21.391716240997       99.374554649244       22.041472880785       22.036227975088    
   5758.5895000001     lsf.10805           3 -1.67714401100000E-05   99.173935844161       21.430811738426       22.180929757835       22.143065785514    
   5790.5872000001     lsd.10105           3  2.90947733400000E-05   21.415069452264       98.914225885645       22.287953025261       22.282579073586    
   5822.5849000001     lsf.10205           3 -2.17705799600000E-05   99.099237730122       21.446811164402       22.427377657905       22.389663595889    
   5854.5826000001     lsd.10305           3  3.46736630100000E-05   21.391209828796       99.382714035867       22.534519394545       22.528655579130    
   6014.5712000001     lsf.10805           3 -1.67714401100000E-05   99.164652320135       21.441100275397       23.167036061168       23.127882832809    
   6110.5643000001     lsd.10305           3  3.46736630100000E-05   21.390418621074       99.392882178366       23.520612050208       23.513513162416    
   6142.5620000001     lsf.10805           3 -1.67714401100000E-05   99.159859669612       21.446199595934       23.660088284004       23.620293965471    
   6174.5597000001     lsd.10105           3  2.90947733400000E-05   21.416220598167       98.899200424251       23.767117139737       23.759753179117    
   6206.5574000001     lsf.10205           3 -2.17705799600000E-05   99.113680146968       21.431416457427       23.906522726926       23.866892889394    
   6238.5571000001     lsd.10305           3  3.46736630100000E-05   21.387658968316       99.450364924111       24.013674179257       24.005928120243    
   6398.5436000001     lsf.10805           3 -1.67714401100000E-05   99.151060133601       21.530629411177       24.644546565858       24.602850637061    
   6494.5387000001     lsd.10305           3  3.46736630100000E-05   21.391410125318       100.36973640296       24.998140134995       24.989295878630    
   6526.5344000001     lsf.10805           3 -1.67714401100000E-05   99.146736204725       21.544153382934       25.137599109903       25.095178924281    
   6558.5321000001     lsd.10105           3  2.90947733400000E-05   21.412757126723       97.958468634289       25.244646603703       25.235117302630    
   6590.5298000001     lsf.10205           3 -2.17705799600000E-05   99.126186160408       21.327608355278       25.384055586105       25.343177071094    
   6622.5275000001     lsd.10305           3  3.46736630100000E-05   21.393755877604       100.33514743232       25.491172519380       25.481793500217    
   6782.5160000002     lsf.10805           3 -1.67714401100000E-05   99.139168540949       21.588583398935       26.123700850310       26.080087813464    
   6878.5091000002     lsd.10305           3  3.46736630100000E-05   21.393919169922       100.25264865008       26.477267079691       26.466787408631    
   6910.5088000002     lsf.10805           3 -1.67714401100000E-05   99.144507337579       21.606457241939       26.616754530164       26.572568208933    
   6911.5038000002     END               100   0.0000000000000       103.77365235470       20.457546789360       26.618315779609       26.580103272318    
