                      0.000000000000000000000000000000000
                      0.000000000000000000000000000000000
                      0.000000000000000000000000000000000
                      0.000000000000000000000000000000000
                      0.000000000000000000000000000000000
                      0.000000000000000000000000000000000
                     -0.000052381638993309808597764049010
                     -0.000000326809494582274340572053102
                      0.000000000000000000000000000000000
                      0.000000000000000000000000000000000
                      0.000000000000000000000000000000000
                      0.000000000000000000000000000000000
                 450000.000000000000000000000000000000000
                 450000.000000000000000000000000000000000
                 450000.000000000000000000000000000000000
                      0.473181986550771871424814207784948
                      0.013418866814783061980342893093621
                      0.243447392955401437086848659419047
                     -0.006870772658959412894363882884363
                      0.000000000000000000000000000000000
                      0.000000000000000000000000000000000
                      0.473129537878439976328337479571928
                      0.013418538491356593253533979748227
                      0.243447408806024057081884848230402
                     -0.006870772804759141087760365707027
                      0.000000000000000000000000000000000
                      0.000000000000000000000000000000000
                 450000.000000000000000000000000000000000
                 450000.000000000000000000000000000000000
                 450000.000000000000000000000000000000000
                      0.945752489462672873976600840251194
                      0.026828687965669010401237315477374
                      0.487100418047727745651798159087775
                     -0.013708864632888702675406200626185
                      0.000000000000000000000000000000000
                      0.000000000000000000000000000000000
                      0.945699944464043040781575655273627
                      0.026828357321670791291179369864039
                      0.487100451589986160882972399122082
                     -0.013708864879300890204927299009796
                      0.000000000000000000000000000000000
                      0.000000000000000000000000000000000
                 450000.000000000000000000000000000000000
                 450000.000000000000000000000000000000000
                 450000.000000000000000000000000000000000
                      1.417439692683687857410745891684201
                      0.040227124101790627530572663772546
                      0.730990685820776087133765486214543
                     -0.020488112226436518137351328050499
                      0.000000000000000000000000000000000
                      0.000000000000000000000000000000000
                      1.417387021929613855064644667436369
                      0.040226790323110508951209851602471
                      0.730990738943572249119995376531733
                     -0.020488112532900532025692541537865
                      0.000000000000000000000000000000000
                      0.000000000000000000000000000000000
                 450000.000000000000000000000000000000000
                 450000.000000000000000000000000000000000
                 450000.000000000000000000000000000000000
                      1.887968393535866651333776644605678
                      0.053611850921408923942301782972208
                      0.975144963801093944688602732639993
                     -0.027181949129001778397984878665739
                      0.000000000000000000000000000000000
                      0.000000000000000000000000000000000
                      1.887915567481359246926331252325326
                      0.053611513186086048876610732349945
                      0.975145038429141908231656543648569
                     -0.027181949459264696106197689573492
                      0.000000000000000000000000000000000
                      0.000000000000000000000000000000000
                 450000.000000000000000000000000000000000
                 450000.000000000000000000000000000000000
                 450000.000000000000000000000000000000000
                      2.357059416928297679305615019984543
                      0.066980551507284019630006355328078
                      1.219582926462932759292812079365831
                     -0.033763342360248027596014708251460
                      0.000000000000000000000000000000000
                      0.000000000000000000000000000000000
                      2.357006405935350823455110003123991
                      0.066980208985179173764024085357960
                      1.219583024543557714380881407123525
                     -0.033763342682038448294701282748065
                      0.000000000000000000000000000000000
                      0.000000000000000000000000000000000
                 450000.000000000000000000000000000000000
                 450000.000000000000000000000000000000000
                 450000.000000000000000000000000000000000
                      2.824428992415386030501167624606751
                      0.080330907890857561337583092608838
                      1.464314882771382109183377906447276
                     -0.040204730027354348975698883350560
                      0.000000000000000000000000000000000
                      0.000000000000000000000000000000000
                      2.824375766779056551314397438545711
                      0.080330559743397533800646215240704
                      1.464315006260192175702172789897304
                     -0.040204730312046917106716392709131
                      0.000000000000000000000000000000000
                      0.000000000000000000000000000000000
                 450000.000000000000000000000000000000000
                 450000.000000000000000000000000000000000
                 450000.000000000000000000000000000000000
                      3.289788085151017504870196717092767
                      0.093660591597868755875389012999221
                      1.709339483482966270955216714355629
                     -0.046477961634881367891658499047480
                      0.000000000000000000000000000000000
                      0.000000000000000000000000000000000
                      3.289734615128885319990104108001105
                      0.093660236977867655783214217990462
                      1.709339634328110646421805540740024
                     -0.046477961857151736668747332714702
                      0.000000000000000000000000000000000
                      0.000000000000000000000000000000000
                 450000.000000000000000000000000000000000
                 450000.000000000000000000000000000000000
                 450000.000000000000000000000000000000000
                      3.752841670952561159424476500134915
                      0.106967252894040423805144257585198
                      1.954641410726721817425755034491885
                     -0.052554241721714405055632113317188
                      0.000000000000000000000000000000000
                      0.000000000000000000000000000000000
                      3.752787926798351492152505670674145
                      0.106966890945613971042327250415838
                      1.954641590851857291255555537645705
                     -0.052554241859185529817111159900378
                      0.000000000000000000000000000000000
                      0.000000000000000000000000000000000
                 450000.000000000000000000000000000000000
                 450000.000000000000000000000000000000000
                 450000.000000000000000000000000000000000
                      4.213287944814404717419620283180848
                      0.120248508412761523356238058113377
                      2.200189052819446988706886259024031
                     -0.058404077635314827210422095049580
                      0.000000000000000000000000000000000
                      0.000000000000000000000000000000000
                      4.213233896815969714566563197877258
                      0.120248138271355317630018078034482
                      2.200189264105116393466232693754137
                     -0.058404077668201090367539052294887
                      0.000000000000000000000000000000000
                      0.000000000000000000000000000000000
                 450000.000000000000000000000000000000000
                 450000.000000000000000000000000000000000
                 450000.000000000000000000000000000000000
                      4.670817451300702138894394011003897
                      0.133501926807389204032716634173994
                      2.445932167777262744579047648585401
                     -0.063997232291079425570146099744306
                      0.000000000000000000000000000000000
                      0.000000000000000000000000000000000
                      4.670763069822823077004159131320193
                      0.133501547599916309261303126731946
                      2.445932412040548786791305246879347
                     -0.063997232201800341444553055225697
                      0.000000000000000000000000000000000
                      0.000000000000000000000000000000000
                 450000.000000000000000000000000000000000
                 450000.000000000000000000000000000000000
                 450000.000000000000000000000000000000000
                      5.125112124328698115505176247097552
                      0.146725012029423090842428223368188
                      2.691799539575931099477656971430406
                     -0.069302682803808315914473325847212
                      0.000000000000000000000000000000000
                      0.000000000000000000000000000000000
                      5.125057379861313044955295481486246
                      0.146724622874537663497207518048526
                      2.691799818548506362247962897527032
                     -0.069302682576633037325741781842225
                      0.000000000000000000000000000000000
                      0.000000000000000000000000000000000
                 450000.000000000000000000000000000000000
                 450000.000000000000000000000000000000000
                 450000.000000000000000000000000000000000
                      5.575844222936507499355229811044410
                      0.159915183790733272939377229704405
                      2.937696631876593578169831744162366
                     -0.074288585918772173655177937234839
                      0.000000000000000000000000000000000
                      0.000000000000000000000000000000000
                      5.575789086148728479486180731328204
                      0.159914783799261356334042716298427
                      2.937696947181028583884199179010466
                     -0.074288585539401499890921343194350
                      0.000000000000000000000000000000000
                      0.000000000000000000000000000000000
                 450000.000000000000000000000000000000000
                 450000.000000000000000000000000000000000
                 450000.000000000000000000000000000000000
                      6.022675148744547790613523829961196
                      0.173069754724079150065563226235099
                      3.183503244668687059970579866785556
                     -0.078922251210884558636493579797389
                      0.000000000000000000000000000000000
                      0.000000000000000000000000000000000
                      6.022619590545272849624325317563489
                      0.173069342999602582278129148107837
                      3.183503597792483486017545146751218
                     -0.078922250666085311254782652667927
                      0.000000000000000000000000000000000
                      0.000000000000000000000000000000000
                 450000.000000000000000000000000000000000
                 450000.000000000000000000000000000000000
                 450000.000000000000000000000000000000000
                      6.465254129990817055784191325074062
                      0.186185903711939187976653897749202
                      3.429071180082282843670782312983647
                     -0.083170123061996628632819295035006
                      0.000000000000000000000000000000000
                      0.000000000000000000000000000000000
                      6.465198121594800007017056486802176
                      0.186185479351536981029724415748206
                      3.429071572350308905186011543264613
                     -0.083170122339172217196257008708926
                      0.000000000000000000000000000000000
                      0.000000000000000000000000000000000
                 450000.000000000000000000000000000000000
                 450000.000000000000000000000000000000000
                 450000.000000000000000000000000000000000
                      6.903216756280754928809528792044148
                      0.199260644810330567189282646722859
                      3.674221924480832068837798942695372
                     -0.086997772466842274163845161183417
                      0.000000000000000000000000000000000
                      0.000000000000000000000000000000000
                      6.903160269282885508346225833520293
                      0.199260206905537251564908274303889
                      3.674222357025626273241414310177788
                     -0.086997771553638039709888118977688
                      0.000000000000000000000000000000000
                      0.000000000000000000000000000000000
                 450000.000000000000000000000000000000000
                 450000.000000000000000000000000000000000
                 450000.000000000000000000000000000000000
                      7.336183347584732672430618549697101
                      0.212290791152982827316719749433105
                      3.918744354857764289334909335593693
                     -0.090369899757706637077880884589831
                      0.000000000000000000000000000000000
                      0.000000000000000000000000000000000
                      7.336126354040844788073627569247037
                      0.212290338790913829525308642587333
                      3.918744828587860329349723542691208
                     -0.090369898641602081079682307063194
                      0.000000000000000000000000000000000
                      0.000000000000000000000000000000000
                 450000.000000000000000000000000000000000
                 450000.000000000000000000000000000000000
                 450000.000000000000000000000000000000000
                      7.763757140572108639275938912760466
                      0.225272913183078432597383766733401
                      4.162392478514580496096186834620312
                     -0.093250349374585275730176192610088
                      0.000000000000000000000000000000000
                      0.000000000000000000000000000000000
                      7.763699613087169382197316735982895
                      0.225272445447784186445261411790852
                      4.162392994080595265415922767715529
                     -0.093250348042464292763753519466263
                      0.000000000000000000000000000000000
                      0.000000000000000000000000000000000
                 450000.000000000000000000000000000000000
                 450000.000000000000000000000000000000000
                 450000.000000000000000000000000000000000
                      8.185522275149137882976901892106980
                      0.238203290526704414276082388823852
                      4.404883215990029299291563802398741
                     -0.095602137840775730515119334995688
                      0.000000000000000000000000000000000
                      0.000000000000000000000000000000000
                      8.185464186974662936790991807356477
                      0.238202806500748542894996262475615
                      4.404883773749045161594040109775960
                     -0.095602136278531896218524366304337
                      0.000000000000000000000000000000000
                      0.000000000000000000000000000000000
                 450000.000000000000000000000000000000000
                 450000.000000000000000000000000000000000
                 450000.000000000000000000000000000000000
                      8.601041564108934167620645894203335
                      0.251077856795481335616671003663214
                      4.645894238231381478954062913544476
                     -0.097387496132120859870795470669691
                      0.000000000000000000000000000000000
                      0.000000000000000000000000000000000
                      8.600982889245770479647035244852304
                      0.251077355561717119325493285941775
                      4.645894838208802113399542577099055
                     -0.097387494324228732200943170482788
                      0.000000000000000000000000000000000
                      0.000000000000000000000000000000000
                 450000.000000000000000000000000000000000
                 450000.000000000000000000000000000000000
                 450000.000000000000000000000000000000000
                      9.009854029165788702471218130085617
                      0.263892136587853098905753768121940
                      4.885061870034921760463930695550516
                     -0.098567927649020628533271803917160
                      0.000000000000000000000000000000000
                      0.000000000000000000000000000000000
                      9.009794742477785334244799742009491
                      0.263891617231481856453711998256040
                      4.885062511885210234652276994893327
                     -0.098567925578167417399733096772252
                      0.000000000000000000000000000000000
                      0.000000000000000000000000000000000
                 450000.000000000000000000000000000000000
                 450000.000000000000000000000000000000000
                 450000.000000000000000000000000000000000
                      9.411472187393302490932001092005521
                      0.276641173951162444577533960909932
                      5.121979072840785462972235109191388
                     -0.099104283013482744046918071489927
                      0.000000000000000000000000000000000
                      0.000000000000000000000000000000000
                      9.411412264726939369552383141126484
                      0.276640635561993475377562390349340
                      5.121979755805423195624825893901289
                     -0.099104280660138044378726362992893
                      0.000000000000000000000000000000000
                      0.000000000000000000000000000000000
                 450000.000000000000000000000000000000000
                 450000.000000000000000000000000000000000
                 450000.000000000000000000000000000000000
                      9.805379073265168443640504847280681
                      0.289319451572083163881643486092798
                      5.356193521018777659037368721328676
                     -0.098956852914647175367690579150803
                      0.000000000000000000000000000000000
                      0.000000000000000000000000000000000
                      9.805318491578585593515526852570474
                      0.289318893247077213448648080884595
                      5.356194243883413363960244168993086
                     -0.098956850256704975699051374249393
                      0.000000000000000000000000000000000
                      0.000000000000000000000000000000000
                 450000.000000000000000000000000000000000
                 450000.000000000000000000000000000000000
                 450000.000000000000000000000000000000000
                     10.191024983194870046077085135038942
                      0.301920799984168097829240196006140
                      5.587205786846509703025276394328102
                     -0.098085480215093501232814787726966
                      0.000000000000000000000000000000000
                      0.000000000000000000000000000000000
                     10.190963720694032446090204757638276
                      0.301920220830208974049924108840059
                      5.587206547895766206579537538345903
                     -0.098085477227503964359200949729711
                      0.000000000000000000000000000000000
                      0.000000000000000000000000000000000
                 450000.000000000000000000000000000000000
                 450000.000000000000000000000000000000000
                 450000.000000000000000000000000000000000
                     10.567823931713341778504400281235576
                      0.314438296119825155816585038337507
                      5.814467650430397149818873003823683
                     -0.096449692502207015620818708612205
                      0.000000000000000000000000000000000
                      0.000000000000000000000000000000000
                     10.567761967996075256337462633382529
                      0.314437695256761295947711687404080
                      5.814468447402033390858377970289439
                     -0.096449689156661105871037875658658
                      0.000000000000000000000000000000000
                      0.000000000000000000000000000000000
                 450000.000000000000000000000000000000000
                 450000.000000000000000000000000000000000
                 450000.000000000000000000000000000000000
                     10.935149811320618695731354819145054
                      0.326864150593871416461411172349472
                      6.037380551874148792990126821678132
                     -0.094008856222073028385821658048371
                      0.000000000000000000000000000000000
                      0.000000000000000000000000000000000
                     10.935087127529580897089545032940805
                      0.326863527157822353341742882548715
                      6.037381381911998801115259993821383
                     -0.094008852486677285664740111315041
                      0.000000000000000000000000000000000
                      0.000000000000000000000000000000000
                 450000.000000000000000000000000000000000
                 450000.000000000000000000000000000000000
                 450000.000000000000000000000000000000000
                     11.292332251614787708149378886446357
                      0.339189583188200027841219252877636
                      6.255294204045084072163263044785708
                     -0.090722353463739885404137908153643
                      0.000000000000000000000000000000000
                      0.000000000000000000000000000000000
                     11.292268830595178386033694550860673
                      0.339188936335087287687883872422390
                      6.255295063650348375006160495104268
                     -0.090722349302722868347181872650253
                      0.000000000000000000000000000000000
                      0.000000000000000000000000000000000
                 450000.000000000000000000000000000000000
                 450000.000000000000000000000000000000000
                 450000.000000000000000000000000000000000
                     11.638652177624930317278995062224567
                      0.351404686115821041081375142312027
                      6.467505385330882816674602509010583
                     -0.086549782365839794673334495200834
                      0.000000000000000000000000000000000
                      0.000000000000000000000000000000000
                     11.638588004090109961907728575170040
                      0.351404015025155835871828458039090
                      6.467506270314279603894647152628750
                     -0.086549777739352129479755149077391
                      0.000000000000000000000000000000000
                      0.000000000000000000000000000000000
                 450000.000000000000000000000000000000000
                 450000.000000000000000000000000000000000
                 450000.000000000000000000000000000000000
                     11.973337072401442071623023366555572
                      0.363498274779369356934921597712673
                      6.673256932842043021025801863288507
                     -0.081451181991975929452820537335356
                      0.000000000000000000000000000000000
                      0.000000000000000000000000000000000
                     11.973272133106471315500130003783852
                      0.363497578658332320955537397821900
                      6.673257838274699871305983833735809
                     -0.081451176855888984817966047558002
                      0.000000000000000000000000000000000
                      0.000000000000000000000000000000000
                 450000.000000000000000000000000000000000
                 450000.000000000000000000000000000000000
                 450000.000000000000000000000000000000000
                     12.295555954883278459988105169031769
                      0.375457725906958306172356287788716
                      6.871736957581989990728743578074500
                     -0.075387282360827451155316225595016
                      0.000000000000000000000000000000000
                      0.000000000000000000000000000000000
                     12.295490238799297699756607471499592
                      0.375457003994614624264869462422212
                      6.871737877747476019862915563862771
                     -0.075387276666598043717293364807119
                      0.000000000000000000000000000000000
                      0.000000000000000000000000000000000
                 450000.000000000000000000000000000000000
                 450000.000000000000000000000000000000000
                 450000.000000000000000000000000000000000
                     12.604414090906452372564672259613872
                      0.387268803148459017648974622716196
                      7.062078304222388247524122562026605
                     -0.068319780118966819126846701237810
                      0.000000000000000000000000000000000
                      0.000000000000000000000000000000000
                     12.604347589404975238380757218692452
                      0.387268054720291576842328140628524
                      7.062079232568478026621505705406889
                     -0.068319773813556763930598947354156
                      0.000000000000000000000000000000000
                      0.000000000000000000000000000000000
                 450000.000000000000000000000000000000000
                 450000.000000000000000000000000000000000
                 450000.000000000000000000000000000000000
                     12.898947462990188128628687991295010
                      0.398915470450636133747934763960075
                      7.243358279280307954195450292900205
                     -0.060211640103713499894144689505993
                      0.000000000000000000000000000000000
                      0.000000000000000000000000000000000
                     12.898880170027632985352283867541701
                      0.398914694823217730323960950045148
                      7.243359208373126634228356124367565
                     -0.060211633129611807913050824936363
                      0.000000000000000000000000000000000
                      0.000000000000000000000000000000000
                 450000.000000000000000000000000000000000
                 450000.000000000000000000000000000000000
                 450000.000000000000000000000000000000000
