
 ETALL    1, NO =    1, NV =    4, INA =  302
 *********************************************

    I  COEFFICIENT          ORDER   EXPONENTS
     1   0.0000000000000        0     0 0  0 0
 0.0000000000000    
     2  0.85947043732882        1     1 0  0 0
0.85947043732882    
     3  -70.233466110160        1     0 1  0 0
-70.233466110160    
     4   0.0000000000000        1     0 0  1 0
 0.0000000000000    
     5   0.0000000000000        1     0 0  0 1
 0.0000000000000    
                                      

 ETALL    2, NO =    1, NV =    4, INA =  303
 *********************************************

    I  COEFFICIENT          ORDER   EXPONENTS
     1   0.0000000000000        0     0 0  0 0
 0.0000000000000    
     2  0.42773414006575E-01    1     1 0  0 0
0.42773414006575E-01
     3  -2.3318139123846        1     0 1  0 0
-2.3318139123846    
     4   0.0000000000000        1     0 0  1 0
 0.0000000000000    
     5   0.0000000000000        1     0 0  0 1
 0.0000000000000    
                                      

 ETALL    3, NO =    1, NV =    4, INA =  304
 *********************************************

    I  COEFFICIENT          ORDER   EXPONENTS
     1   0.0000000000000        0     0 0  0 0
 0.0000000000000    
     2   0.0000000000000        1     1 0  0 0
 0.0000000000000    
     3   0.0000000000000        1     0 1  0 0
 0.0000000000000    
     4  -1.1392353918927        1     0 0  1 0
-1.1392353918927    
     5  -9.8671287641504        1     0 0  0 1
-9.8671287641504    
                                      

 ETALL    4, NO =    1, NV =    4, INA =  305
 *********************************************

    I  COEFFICIENT          ORDER   EXPONENTS
     1   0.0000000000000        0     0 0  0 0
 0.0000000000000    
     2   0.0000000000000        1     1 0  0 0
 0.0000000000000    
     3   0.0000000000000        1     0 1  0 0
 0.0000000000000    
     4  0.30599659460809E-01    1     0 0  1 0
0.30599659460809E-01
     5  -.61275239948542        1     0 0  0 1
-.61275239948542    
                                      
