  3.8611996819306e+02  ms.10r1.b1         3  6.6976010297775e-05  7.1619690825111e+01  5.7017166968172e+02  1.2111896501852e+00  7.4112988078722e-01
  4.3894065759075e+02  ms.11r1.b1         3 -4.1406767208630e-05  5.8763432551102e+02  4.3259900922458e+01  1.2490927333723e+00  8.0059793946474e-01
  4.9239614168728e+02  ms.12r1.b1         3  1.8265500000000e-05  6.2765126512478e+01  5.9226972027016e+01  1.2964803074595e+00  1.0477431902135e+00
  5.4584762578381e+02  ms.13r1.b1         3 -1.1070000000000e-05  6.0146055430473e+01  7.1010552301036e+01  1.4519095408347e+00  1.2137116939996e+00
  5.9929910988034e+02  ms.14r1.b1         3  6.6976010297775e-05  5.2311928339151e+01  5.5653251681733e+02  1.6975063546202e+00  1.2548866984891e+00
  6.5275059397687e+02  ms.15r1.b1         3 -4.1406767208630e-05  5.5475381044491e+02  4.3328404669809e+01  1.7457537843296e+00  1.3136839870450e+00
  7.0620207807340e+02  ms.16r1.b1         3  1.8265500000000e-05  6.1772020918706e+01  6.0164739673852e+01  1.7947316420888e+00  1.5496892259578e+00
  7.5965356216993e+02  ms.17r1.b1         3 -1.1070000000000e-05  6.0193378946583e+01  7.1055663342980e+01  1.9517228283750e+00  1.7137231960811e+00
  8.1310504626646e+02  ms.18r1.b1         3  6.6976010297775e-05  5.2277912248307e+01  5.5670454417105e+02  2.1974780905530e+00  1.7548823252417e+00
  8.6655653036299e+02  ms.19r1.b1         3 -4.1406767208630e-05  5.5468771711674e+02  4.3303937208655e+01  2.2457473775643e+00  1.8136908340798e+00
  9.2000801445953e+02  ms.20r1.b1         3  1.8265500000000e-05  6.1738818692091e+01  6.0190353508345e+01  2.2947418115931e+00  2.0498209273987e+00
  9.7345949855606e+02  ms.21r1.b1         3 -1.1070000000000e-05  6.0177293303894e+01  7.1088199830173e+01  2.4518271798833e+00  2.2137347639652e+00
  1.0269109826526e+03  ms.22r1.b1         3  6.6976010297775e-05  5.2283720862358e+01  5.5666858625856e+02  2.6974822628724e+00  2.2548816150093e+00
  1.0803624667491e+03  ms.23r1.b1         3 -4.1406767208630e-05  5.5461910690483e+02  4.3284265429860e+01  2.7457491683257e+00  2.3137027841866e+00
  1.1338139508456e+03  ms.24r1.b1         3  1.8265500000000e-05  6.1781023966135e+01  6.0209687687208e+01  2.7947294799432e+00  2.5499560585906e+00
  1.1872654349422e+03  ms.25r1.b1         3 -1.1070000000000e-05  6.0224684036341e+01  7.1133382984040e+01  2.9516406279084e+00  2.7137462638734e+00
  1.2407169190387e+03  ms.26r1.b1         3  6.6976010297775e-05  5.2249730723782e+01  5.5684075099502e+02  3.1974539857009e+00  2.7548772420071e+00
  1.2941684031352e+03  ms.27r1.b1         3 -4.1406767208630e-05  5.5455302461460e+02  4.3259855998915e+01  3.2457427516302e+00  2.8137096041145e+00
  1.3476198872318e+03  ms.28r1.b1         3  1.8265500000000e-05  6.1747836471368e+01  6.0235443737595e+01  3.2947396349651e+00  3.0500874992889e+00
  1.4545228554248e+03  ms.30r1.b1         3  6.6976010297775e-05  5.2257511783290e+01  5.5682148418808e+02  3.6974563961141e+00  3.2548766880213e+00
  1.5079743395214e+03  ms.31r1.b1         3 -4.1406767208630e-05  5.5448927905810e+02  4.3246156625357e+01  3.7457412909877e+00  3.3137161390745e+00
  1.5614258236179e+03  ms.32r1.b1         3  1.8265500000000e-05  6.1793778303605e+01  6.0247719805988e+01  3.7947223017367e+00  3.5502004864117e+00
  1.6683287918110e+03  ms.34l2.b1         3  6.6976010297775e-05  5.2220359343953e+01  5.5703620300139e+02  4.1974323225735e+00  3.7548710268124e+00
  1.7752317600040e+03  ms.32l2.b1         3  1.8265500000000e-05  6.1777153782434e+01  6.0264520031282e+01  4.2947295622951e+00  4.0503138710291e+00
  1.8286832441005e+03  ms.31l2.b1         3 -1.1070000000000e-05  6.0253299869111e+01  7.1241986521150e+01  4.4515900544207e+00  4.2137814386837e+00
  1.8821347281971e+03  ms.30l2.b1         3  6.6976010297775e-05  5.2207955231003e+01  5.5694046560617e+02  4.6974290480692e+00  4.2548699258738e+00
  1.9890376963901e+03  ms.28l2.b1         3  1.8265500000000e-05  6.1800959196085e+01  6.0273165708253e+01  4.7947181136402e+00  4.5503047506290e+00
  2.0424891804867e+03  ms.27l2.b1         3 -1.1070000000000e-05  6.0263730492395e+01  7.1235030236491e+01  4.9515126976660e+00  4.7137675128933e+00
  2.0959406645832e+03  ms.26l2.b1         3  6.6976010297775e-05  5.2214233269637e+01  5.5699730280996e+02  5.1974227034081e+00  4.7548625583836e+00
  2.1493921486797e+03  ms.25l2.b1         3 -4.1406767208630e-05  5.5443016312574e+02  4.3199062791931e+01  5.2457339249456e+00  4.8137296231056e+00
  2.2028436327762e+03  ms.24l2.b1         3  1.8265500000000e-05  6.1767797806504e+01  6.0299118998187e+01  5.2947282364256e+00  5.0504358732698e+00
  2.2562951168728e+03  ms.23l2.b1         3 -1.1070000000000e-05  6.0247559229425e+01  7.1267536593760e+01  5.4516167651446e+00  5.2137790312868e+00
  2.3097466009693e+03  ms.22l2.b1         3  6.6976010297775e-05  5.2220013938176e+01  5.5696136664259e+02  5.6974268689664e+00  5.2548618461795e+00
  2.3631980850658e+03  ms.21l2.b1         3 -4.1406767208630e-05  5.5436152109115e+02  4.3179355262520e+01  5.7457357268394e+00  5.3137416514251e+00
  2.4166495691624e+03  ms.20l2.b1         3  1.8265500000000e-05  6.1809960191913e+01  6.0318933459182e+01  5.7947159384126e+00  5.5505710360678e+00
  2.4701010532589e+03  ms.19l2.b1         3 -1.1070000000000e-05  6.0295123228601e+01  7.1312875178048e+01  5.9514306090934e+00  5.7137905241000e+00
  2.5235525373554e+03  ms.18l2.b1         3  6.6976010297775e-05  5.2186081402798e+01  5.5713387658277e+02  6.1973985625423e+00  5.7548574741465e+00
  2.5770040214519e+03  ms.17l2.b1         3 -4.1406767208630e-05  5.5429553182199e+02  4.3155076261972e+01  6.2457292833001e+00  5.8137484104803e+00
  2.6304555055485e+03  ms.16l2.b1         3  1.8265500000000e-05  6.1776813543326e+01  6.0345027964267e+01  6.2947260467110e+00  6.0507018971146e+00
  2.6839069896450e+03  ms.15l2.b1         3 -1.1070000000000e-05  6.0278891484293e+01  7.1345330079806e+01  6.4515345631017e+00  6.2138020203864e+00
  2.7373584737415e+03  ms.14l2.b1         3  6.6976010297775e-05  5.2194550483996e+01  5.5712631405586e+02  6.6974027519936e+00  6.2548567796658e+00
  2.7908099578380e+03  ms.13l2.b1         3 -4.1406767208630e-05  5.5048190352791e+02  4.3497384380129e+01  6.7457329717041e+00  6.3137004073779e+00
  2.8442614419346e+03  ms.12l2.b1         3  1.8265500000000e-05  4.4868198797557e+01  6.0790328448120e+01  6.8036602667692e+00  6.5428464303020e+00
  2.8989839260311e+03  ms.11l2.b1         3 -1.1070000000000e-05  5.6435415686002e+01  7.7485861450925e+01  7.0385237912278e+00  6.7095225505410e+00
  3.7709383260311e+03  ms.11r2.b1         3  2.2134967893495e-05  3.6603679465904e+01  1.7316496425696e+02  9.4304288785885e+00  8.8046190019317e+00
  3.8243908419346e+03  ms.12r2.b1         3 -1.2137967247712e-05  1.7929710034490e+02  2.9261869451753e+01  9.5387287458996e+00  8.9485818484335e+00
  3.8778393578380e+03  ms.13r2.b1         3  2.2134967893495e-05  3.1446096038473e+01  1.7744866162582e+02  9.6732899860127e+00  9.0729279057188e+00
  3.9312878737415e+03  ms.14r2.b1         3 -1.2137967247712e-05  1.7578034175984e+02  3.2544026731202e+01  9.7930915188291e+00  9.2050976563512e+00
  3.9847363896450e+03  ms.15r2.b1         3  2.2134967893495e-05  3.2089537656624e+01  1.7571868381772e+02  9.9272559818534e+00  9.3224755338515e+00
  4.0381849055485e+03  ms.16r2.b1         3 -1.2137967247712e-05  1.7595895103257e+02  3.2336182218649e+01  1.0045487583741e+01  9.4560692306818e+00
  4.0916334214519e+03  ms.17r2.b1         3  2.2134967893495e-05  3.1447725567702e+01  1.7745092536069e+02  1.0181384638920e+01  9.5732014782996e+00
  4.1450819373554e+03  ms.18r2.b1         3 -1.2137967247712e-05  1.7595965863070e+02  3.2543501827672e+01  1.0301106346600e+01  9.7053715226166e+00
  4.1985304532589e+03  ms.19r2.b1         3  2.2134967893495e-05  3.2086386833933e+01  1.7571632093246e+02  1.0435188558624e+01  9.8227515384524e+00
  4.2519789691623e+03  ms.20r2.b1         3 -1.2137967247712e-05  1.7577949842261e+02  3.2336828476454e+01  1.0553501949258e+01  9.9563446555221e+00
  4.3054274850658e+03  ms.21r2.b1         3  2.2134967893495e-05  3.1452605732232e+01  1.7745316943610e+02  1.0689478032980e+01  1.0073474551298e+01
  4.3588760009693e+03  ms.22r2.b1         3 -1.2137967247712e-05  1.7613866134236e+02  3.2542848221561e+01  1.0809112517345e+01  1.0205645243413e+01
  4.4123245168727e+03  ms.23r2.b1         3  2.2134967893495e-05  3.2079789703131e+01  1.7571419193538e+02  1.0943122391283e+01  1.0323027587394e+01
  4.4657730327762e+03  ms.24r2.b1         3 -1.2137967247712e-05  1.7560154320968e+02  3.2337362249081e+01  1.1061524974891e+01  1.0456620315175e+01
  4.5192215486797e+03  ms.25r2.b1         3  2.2134967893495e-05  3.1460687063308e+01  1.7745540107011e+02  1.1197570175998e+01  1.0573748114922e+01
  4.5726700645831e+03  ms.26r2.b1         3 -1.2137967247712e-05  1.7631524047594e+02  3.2542326669332e+01  1.1317111072051e+01  1.0705919107590e+01
  4.6261185804866e+03  ms.27r2.b1         3  2.2134967893495e-05  3.2070255455945e+01  1.7571185026272e+02  1.1451058150308e+01  1.0823303573918e+01
  4.6795670963901e+03  ms.28r2.b1         3 -1.2137967247712e-05  1.7542663597036e+02  3.2338004263762e+01  1.1569555546727e+01  1.0956895722970e+01
  4.7330156122936e+03  ms.29r2.b1         3  2.2134967893495e-05  3.1471865571100e+01  1.7745763583390e+02  1.1705659426403e+01  1.1074021184325e+01
  4.8399126441005e+03  ms.31r2.b1         3  2.2134967893495e-05  3.2058667689752e+01  1.7570849757443e+02  1.1958993358188e+01  1.1323580166481e+01
  4.8933611600040e+03  ms.32r2.b1         3 -1.2137967247712e-05  1.7525657199747e+02  3.2338550253643e+01  1.2077588433984e+01  1.1457172510351e+01
  4.9468096759074e+03  ms.33r2.b1         3  2.2134967893495e-05  3.1484876100750e+01  1.7746109212580e+02  1.2213743277063e+01  1.1574295351300e+01
  5.0537067077144e+03  ms.33l3.b1         3  2.2134967893495e-05  3.2044221770710e+01  1.7570506158303e+02  1.2466932013245e+01  1.1823856596679e+01
  5.1606037395213e+03  ms.31l3.b1         3  2.2134967893495e-05  3.1501944775015e+01  1.7746330347121e+02  1.2721820097595e+01  1.2074569433615e+01
  5.2140522554248e+03  ms.30l3.b1         3 -1.2137967247712e-05  1.7681554575089e+02  3.2540473397142e+01  1.2841053694139e+01  1.2206741508007e+01
  5.2675007713283e+03  ms.29l3.b1         3  2.2134967893495e-05  3.2024546499097e+01  1.7570410099822e+02  1.2974875530546e+01  1.2324133281352e+01
  5.3743978031352e+03  ms.27l3.b1         3  2.2134967893495e-05  3.1522914880924e+01  1.7746424716662e+02  1.3229894640183e+01  1.2574843467217e+01
  5.4278463190387e+03  ms.26l3.b1         3 -1.2137967247712e-05  1.7696583779559e+02  3.2539953728931e+01  1.3349016183741e+01  1.2707016469371e+01
  5.4812948349421e+03  ms.25l3.b1         3  2.2134967893495e-05  3.2002425394361e+01  1.7570301623489e+02  1.3482823914081e+01  1.2824409843969e+01
  5.5347433508456e+03  ms.24l3.b1         3 -1.2137967247712e-05  1.7479179596966e+02  3.2340376609314e+01  1.3601743524686e+01  1.2957999946443e+01
  5.5881918667491e+03  ms.23l3.b1         3  2.2134967893495e-05  3.1545128021422e+01  1.7746646245011e+02  1.3737966511142e+01  1.3075116536955e+01
  5.6416403826526e+03  ms.22l3.b1         3 -1.2137967247712e-05  1.7710544575689e+02  3.2539278645310e+01  1.3856977789424e+01  1.3207290258818e+01
  5.6950888985560e+03  ms.21l3.b1         3  2.2134967893495e-05  3.1978915612828e+01  1.7570094340964e+02  1.3990780746113e+01  1.3324685986792e+01
  5.7485374144595e+03  ms.20l3.b1         3 -1.2137967247712e-05  1.7465818245577e+02  3.2340939907549e+01  1.4109810981628e+01  1.3458275590943e+01
  5.8019859303630e+03  ms.19l3.b1         3  2.2134967893495e-05  3.1569670260487e+01  1.7746859772050e+02  1.4246032776839e+01  1.3575390059307e+01
  5.8554344462664e+03  ms.18l3.b1         3 -1.2137967247712e-05  1.7723279588242e+02  3.2538762968608e+01  1.4364933684768e+01  1.3707564113538e+01
  5.9088829621699e+03  ms.17l3.b1         3  2.2134967893495e-05  3.1953477279261e+01  1.7569867280046e+02  1.4498743485996e+01  1.3824961922108e+01
  5.9623314780734e+03  ms.16l3.b1         3 -1.2137967247712e-05  1.7453722800238e+02  3.2341566182223e+01  1.4617883683763e+01  1.3958550955124e+01
  6.0157799939768e+03  ms.15l3.b1         3  2.2134967893495e-05  3.1596141042485e+01  1.7747080274187e+02  1.4754092153265e+01  1.4075663132869e+01
  6.0692285098803e+03  ms.14l3.b1         3 -1.2137967247712e-05  1.7734698734198e+02  3.2538082338589e+01  1.4872883894844e+01  1.4207837926794e+01
  6.1226770257838e+03  ms.13l3.b1         3  2.2134967893495e-05  3.1956346224361e+01  1.7553515564104e+02  1.5006703556129e+01  1.4325239693228e+01
  6.1761255416873e+03  ms.12l3.b1         3 -1.2137967247712e-05  1.7366352208385e+02  3.1945757139965e+01  1.5125616160443e+01  1.4460691087149e+01
  6.2308450575907e+03  ms.11l3.b1         3  2.2134967893495e-05  2.7898882772820e+01  1.7611641437978e+02  1.5288065204704e+01  1.4577322826226e+01
  7.1036535424092e+03  ms.11r3.b1         3 -1.2137967247712e-05  1.7455734281937e+02  4.2223946126971e+01  1.7012953504292e+01  1.6030487453282e+01
  7.1571060583127e+03  ms.12r3.b1         3  2.2134967893495e-05  3.9426046305913e+01  1.7028564682948e+02  1.7130257759154e+01  1.6133583453311e+01
  7.2105545742162e+03  ms.13r3.b1         3 -1.2137967247712e-05  1.7463685470736e+02  3.2389329439389e+01  1.7235789222430e+01  1.6269017834208e+01
  7.2640030901197e+03  ms.14r3.b1         3  2.2134967893495e-05  3.2021812137504e+01  1.7551548151010e+02  1.7370729073072e+01  1.6386825015630e+01
  7.3174516060231e+03  ms.15r3.b1         3 -1.2137967247712e-05  1.7712734577008e+02  3.2491030130478e+01  1.7488632091499e+01  1.6520098356499e+01
  7.3709001219266e+03  ms.16r3.b1         3  2.2134967893495e-05  3.1504614948024e+01  1.7765254444766e+02  1.7623763658682e+01  1.6636805583997e+01
  7.4243486378301e+03  ms.17r3.b1         3 -1.2137967247712e-05  1.7476947086903e+02  3.2388629274966e+01  1.7743857048246e+01  1.6769292816427e+01
  7.4777971537335e+03  ms.18r3.b1         3  2.2134967893495e-05  3.2040577518961e+01  1.7551618814640e+02  1.7878675686084e+01  1.6887101276594e+01
  7.5312456696370e+03  ms.19r3.b1         3 -1.2137967247712e-05  1.7698888687466e+02  3.2491615770668e+01  1.7996592981409e+01  1.7020372670137e+01
  7.5846941855405e+03  ms.20r3.b1         3  2.2134967893495e-05  3.1487066343597e+01  1.7765197424694e+02  1.8131845720514e+01  1.7137078835598e+01
  7.6381427014439e+03  ms.21r3.b1         3 -1.2137967247712e-05  1.7491360453056e+02  3.2388007018228e+01  1.8251919122070e+01  1.7269568028640e+01
  7.6915912173474e+03  ms.22r3.b1         3  2.2134967893495e-05  3.2056789304284e+01  1.7551669808254e+02  1.8386618056932e+01  1.7387377674211e+01
  7.7450397332509e+03  ms.23r3.b1         3 -1.2137967247712e-05  1.7683935968636e+02  3.2492353773456e+01  1.8504560057996e+01  1.7520646805384e+01
  7.7984882491544e+03  ms.24r3.b1         3  2.2134967893495e-05  3.1472436614099e+01  1.7765131857531e+02  1.8639931503732e+01  1.7637351607161e+01
  7.8519367650578e+03  ms.25r3.b1         3 -1.2137967247712e-05  1.7506796948897e+02  3.2387300366348e+01  1.8759973691221e+01  1.7769843030838e+01
  7.9053852809613e+03  ms.26r3.b1         3  2.2134967893495e-05  3.2069865216717e+01  1.7551743387670e+02  1.8894556719814e+01  1.7887653957745e+01
  7.9588337968648e+03  ms.27r3.b1         3 -1.2137967247712e-05  1.7668064088101e+02  3.2492942516640e+01  1.9012534416880e+01  1.8020921118662e+01
  8.0122823127682e+03  ms.28r3.b1         3  2.2134967893495e-05  3.1460740157618e+01  1.7765071202735e+02  1.9148021089152e+01  1.8137624866304e+01
  8.1191793445752e+03  ms.30r3.b1         3  2.2134967893495e-05  3.2081214775739e+01  1.7551683305769e+02  1.9402489430567e+01  1.8387930797855e+01
  8.1726278604786e+03  ms.31r3.b1         3 -1.2137967247712e-05  1.7651379595120e+02  3.2493677385182e+01  1.9520510187843e+01  1.8521196263949e+01
  8.2260763763821e+03  ms.32r3.b1         3  2.2134967893495e-05  3.1451119818727e+01  1.7765118875691e+02  1.9656110524148e+01  1.8637898197999e+01
  8.3329734081891e+03  ms.34l4.b1         3  2.2134967893495e-05  3.2089255064083e+01  1.7551637690236e+02  1.9910419478167e+01  1.8888207611369e+01
  8.4398704399960e+03  ms.32l4.b1         3  2.2134967893495e-05  3.1445800092781e+01  1.7765052593235e+02  2.0164198792203e+01  1.9138172572228e+01
  8.4933189558995e+03  ms.31l4.b1         3 -1.2137967247712e-05  1.7557707824364e+02  3.2385364423346e+01  2.0284087320317e+01  1.9270669613427e+01
  8.5467674718029e+03  ms.30l4.b1         3  2.2134967893495e-05  3.2091833210949e+01  1.7551817156207e+02  2.0418348791116e+01  1.9388484580340e+01
  8.6536645036099e+03  ms.28l4.b1         3  2.2134967893495e-05  3.1444830040960e+01  1.7764871140603e+02  2.0672290439069e+01  1.9638445796005e+01
  8.7071130195133e+03  ms.27l4.b1         3 -1.2137967247712e-05  1.7575575827994e+02  3.2384643535324e+01  2.0792105399718e+01  1.9770945677147e+01
  8.7605615354168e+03  ms.26l4.b1         3  2.2134967893495e-05  3.2091048795895e+01  1.7552007959476e+02  2.0926278149032e+01  1.9888761472036e+01
  8.8140100513203e+03  ms.25l4.b1         3 -1.2137967247712e-05  1.7598338660729e+02  3.2495596790665e+01  2.1044496162487e+01  2.0022020089108e+01
  8.8674585672238e+03  ms.24l4.b1         3  2.2134967893495e-05  3.1446026191179e+01  1.7764803138139e+02  2.1180385474254e+01  2.0138719063008e+01
  8.9209070831272e+03  ms.23l4.b1         3 -1.2137967247712e-05  1.7593572756343e+02  3.2384046086876e+01  2.1300121335758e+01  2.0271220892360e+01
  8.9743555990307e+03  ms.22l4.b1         3  2.2134967893495e-05  3.2088322582176e+01  1.7552065963862e+02  2.1434210300719e+01  2.0389037788210e+01
  9.0278041149342e+03  ms.21l4.b1         3 -1.2137967247712e-05  1.7580315898661e+02  3.2496314682972e+01  2.1552509432756e+01  2.0522294162900e+01
  9.0812526308376e+03  ms.20l4.b1         3  2.2134967893495e-05  3.1450491722485e+01  1.7764733318017e+02  2.1688479359088e+01  2.0638991834978e+01
  9.1347011467411e+03  ms.19l4.b1         3 -1.2137967247712e-05  1.7611562488321e+02  3.2383323163725e+01  2.1808128573751e+01  2.0771495960443e+01
  9.1881496626446e+03  ms.18l4.b1         3  2.2134967893495e-05  3.2082130414870e+01  1.7552147626438e+02  2.1942143602914e+01  2.0889314140993e+01
  9.2415981785480e+03  ms.17l4.b1         3 -1.2137967247712e-05  1.7562419087477e+02  3.2496916773305e+01  2.2060531398991e+01  2.1022568469027e+01
  9.2950466944515e+03  ms.16l4.b1         3  2.2134967893495e-05  3.1458178585572e+01  1.7764661638741e+02  2.2196572097627e+01  2.1139265102258e+01
  9.3484952103550e+03  ms.15l4.b1         3 -1.2137967247712e-05  1.7629333368644e+02  3.2382732888967e+01  2.2316128151237e+01  2.1271771174833e+01
  9.4019437262585e+03  ms.14l4.b1         3  2.2134967893495e-05  3.2072977794398e+01  1.7552208180800e+02  2.2450078736406e+01  2.1389590429767e+01
  9.4553922421619e+03  ms.13l4.b1         3 -1.2137967247712e-05  1.7457764588715e+02  3.2664754035610e+01  2.2568569630734e+01  2.1522792257382e+01
  9.5088407580654e+03  ms.12l4.b1         3  2.2134967893495e-05  2.7892605606150e+01  1.8329145366160e+02  2.2716092891703e+01  2.1637620476242e+01
  9.5635602739689e+03  ms.11l4.b1         3 -1.2137967247712e-05  1.6688594977384e+02  4.3229086981264e+01  2.2847159743550e+01  2.1754091340163e+01
  1.0435506758787e+04  ms.11r4.b1         3  1.8265500000000e-05  6.4288057347300e+01  1.1262807643586e+02  2.4390848749572e+01  2.3078062737671e+01
  1.0488959274691e+04  ms.12r4.b1         3 -1.1070000000000e-05  5.8189234421499e+01  9.8017908809806e+01  2.4547031669804e+01  2.3167696592673e+01
  1.0542407790594e+04  ms.13r4.b1         3  7.3016602891245e-05  5.3576117029958e+01  5.5772190478583e+02  2.4798490272430e+01  2.3202753106268e+01
  1.0595856306498e+04  ms.14r4.b1         3 -4.3650904931235e-05  5.6174715792010e+02  4.2077614614312e+01  2.4845840492337e+01  2.3262393767267e+01
  1.0649304822401e+04  ms.15r4.b1         3  1.8265500000000e-05  6.1516406676480e+01  6.1630976646858e+01  2.4894604026360e+01  2.3504218189912e+01
  1.0702753338305e+04  ms.16r4.b1         3 -1.1070000000000e-05  5.8788160753112e+01  7.2780420406049e+01  2.5054998131284e+01  2.3662127387061e+01
  1.0756201854208e+04  ms.17r4.b1         3  7.3016602891245e-05  5.3566035005735e+01  5.5773838451121e+02  2.5298473769555e+01  2.3702741141931e+01
  1.0809650370112e+04  ms.18r4.b1         3 -4.3650904931235e-05  5.6454331048817e+02  3.9479977004071e+01  2.5345707584966e+01  2.3764412573902e+01
  1.0863098886015e+04  ms.19r4.b1         3  1.8265500000000e-05  5.5947878235455e+01  6.5513999617741e+01  2.5396791854628e+01  2.4015066780950e+01
  1.0916547401919e+04  ms.20r4.b1         3 -1.1070000000000e-05  5.5304326745171e+01  7.5035562948688e+01  2.5580397979012e+01  2.4162578992999e+01
  1.0969995917822e+04  ms.21r4.b1         3  7.3016602891245e-05  5.8880798118349e+01  5.5197180309187e+02  2.5800628969862e+01  2.4202777258173e+01
  1.1023444433726e+04  ms.22r4.b1         3 -4.3650904931235e-05  5.6080811824914e+02  4.2146412568953e+01  2.5845772713866e+01  2.4262691846047e+01
  1.1076892949629e+04  ms.23r4.b1         3  1.8265500000000e-05  6.1462421421513e+01  6.1555634224137e+01  2.5894600513105e+01  2.4503903932772e+01
  1.1130341465532e+04  ms.24r4.b1         3 -1.1070000000000e-05  5.8774503964611e+01  7.2710928593989e+01  2.6055134743685e+01  2.4662079013211e+01
  1.1183789981436e+04  ms.25r4.b1         3  7.3016602891245e-05  5.3583330325581e+01  5.5774711605551e+02  2.6298437115399e+01  2.4702712278884e+01
  1.1237238497339e+04  ms.26r4.b1         3 -4.3650904931235e-05  5.6435402893360e+02  3.9535475259152e+01  2.6345671235309e+01  2.4764337598582e+01
  1.1290687013243e+04  ms.27r4.b1         3  1.8265500000000e-05  5.5897042417588e+01  6.5421406351235e+01  2.6396788438905e+01  2.5014767775677e+01
  1.1344135529146e+04  ms.28r4.b1         3 -1.1070000000000e-05  5.5311294898793e+01  7.4964339251823e+01  2.6580535337478e+01  2.5162530991971e+01
  1.1397584045050e+04  ms.29r4.b1         3  7.3016602891245e-05  5.8897918143930e+01  5.5198114054524e+02  2.6800591639899e+01  2.5202748418136e+01
  1.1504481076857e+04  ms.31r4.b1         3  1.8265500000000e-05  5.5396353797418e+01  6.1584041978672e+01  2.6897269411343e+01  2.5501506099240e+01
  1.1557929592760e+04  ms.32r4.b1         3 -1.1070000000000e-05  5.5445003422079e+01  7.1730215819416e+01  2.7082213379295e+01  2.5661303173901e+01
  1.1611378108664e+04  ms.33r4.b1         3  7.3016602891245e-05  5.8984023349139e+01  5.5276975110151e+02  2.7300692519307e+01  2.5702407501529e+01
  1.1718275140471e+04  ms.33l5.b1         3  1.8265500000000e-05  5.5950184249451e+01  6.5405852988592e+01  2.7396741857396e+01  2.6014647123303e+01
  1.1825172172278e+04  ms.31l5.b1         3  7.3016602891245e-05  5.8845886037781e+01  5.5186236227472e+02  2.7800563798671e+01  2.6202725494325e+01
  1.1878620688181e+04  ms.30l5.b1         3 -4.3650904931235e-05  5.6063118836177e+02  4.2216943273571e+01  2.7845728626022e+01  2.6262593740487e+01
  1.1932069204085e+04  ms.29l5.b1         3  1.8265500000000e-05  6.1468074375645e+01  6.1467778670307e+01  2.7894562061793e+01  2.6503461582002e+01
  1.2038966235891e+04  ms.27l5.b1         3  7.3016602891245e-05  5.3551144304701e+01  5.5763734456006e+02  2.8298371443470e+01  2.6702660219406e+01
  1.2092414751795e+04  ms.26l5.b1         3 -4.3650904931235e-05  5.6417572039986e+02  3.9604968055998e+01  2.8345627881337e+01  2.6764234959608e+01
  1.2145863267698e+04  ms.25l5.b1         3  1.8265500000000e-05  5.5903220482832e+01  6.5306163428820e+01  2.8396750525434e+01  2.7014334900569e+01
  1.2199311783602e+04  ms.24l5.b1         3 -1.1070000000000e-05  5.5334883324462e+01  7.4852953508391e+01  2.8580400866759e+01  2.7162444555597e+01
  1.2252760299505e+04  ms.23l5.b1         3  7.3016602891245e-05  5.8862905577609e+01  5.5187354286399e+02  2.8800527581592e+01  2.7202696556927e+01
  1.2306208815409e+04  ms.22l5.b1         3 -4.3650904931235e-05  5.6044451248987e+02  4.2275033525544e+01  2.8845693426649e+01  2.7262520965176e+01
  1.2359657331312e+04  ms.21l5.b1         3  1.8265500000000e-05  6.1413654338326e+01  6.1394145679237e+01  2.8894557601265e+01  2.7503147598631e+01
  1.2413105847216e+04  ms.20l5.b1         3 -1.1070000000000e-05  5.8794551918619e+01  7.2534388429674e+01  2.9055149046352e+01  2.7661943757292e+01
  1.2466554363119e+04  ms.19l5.b1         3  7.3016602891245e-05  5.3568395502881e+01  5.5764502881647e+02  2.9298334732439e+01  2.7702631352857e+01
  1.2520002879023e+04  ms.18l5.b1         3 -4.3650904931235e-05  5.6398626180857e+02  3.9660520595621e+01  2.9345591505793e+01  2.7764160220750e+01
  1.2573451394926e+04  ms.17l5.b1         3  1.8265500000000e-05  5.5852422489782e+01  6.5214703743975e+01  2.9396747125767e+01  2.8014034871911e+01
  1.2626899910830e+04  ms.16l5.b1         3 -1.1070000000000e-05  5.5341960221379e+01  7.4781693156322e+01  2.9580538014623e+01  2.8162396428289e+01
  1.2680348426733e+04  ms.15l5.b1         3  7.3016602891245e-05  5.8879974773655e+01  5.5188185052380e+02  2.9800490195050e+01  2.8202667713461e+01
  1.2733796942637e+04  ms.14l5.b1         3 -4.3650904931235e-05  5.6025610539721e+02  4.2332779464735e+01  2.9845657114498e+01  2.8262448796979e+01
  1.2787245458540e+04  ms.13l5.b1         3  1.8265500000000e-05  6.2188887563806e+01  6.0608249688093e+01  2.9894488759698e+01  2.8502893935598e+01
  1.2840693974444e+04  ms.12l5.b1         3 -1.1070000000000e-05  6.4442224059494e+01  6.7814650589175e+01  3.0042088674315e+01  2.8673442088303e+01
  1.2895413490347e+04  ms.11l5.b1         3  7.3016602891245e-05  5.6077144346091e+01  5.2523511900574e+02  3.0308531950199e+01  2.8715916292382e+01
  1.2948156200949e+04  ms.10l5.b1         3 -4.3650904931235e-05  6.2837887020733e+02  1.2841384559523e+01  3.0349821030896e+01  2.9092576063569e+01
  1.3715409200949e+04  ms.10r5.b1         3  6.6667443918525e-05  7.2304445081041e+01  5.7273458498658e+02  3.2311122542514e+01  3.0688366956287e+01
  1.3768229890347e+04  ms.11r5.b1         3 -4.1264560099350e-05  5.9331661187305e+02  4.3428504915292e+01  3.2348657764409e+01  3.0747574353485e+01
  1.3821685374444e+04  ms.12r5.b1         3  1.8265500000000e-05  6.3195283716344e+01  5.8992412972945e+01  3.2395645353769e+01  3.0995091189652e+01
  1.3875136858540e+04  ms.13r5.b1         3 -1.1070000000000e-05  5.9599577034872e+01  7.1289968562789e+01  3.2551345591700e+01  3.1161065224434e+01
  1.3928588342637e+04  ms.14r5.b1         3  6.6667443918525e-05  5.2783666377215e+01  5.5911084814308e+02  3.2797565241857e+01  3.1202061671199e+01
  1.3982039826733e+04  ms.15r5.b1         3 -4.1264560099350e-05  5.5811184593370e+02  4.5599242626448e+01  3.2845443264856e+01  3.1259172927395e+01
  1.4035491310830e+04  ms.16r5.b1         3  1.8265500000000e-05  6.6791570318625e+01  5.7738160240678e+01  3.2892340868882e+01  3.1488054961804e+01
  1.4088942794926e+04  ms.17r5.b1         3 -1.1070000000000e-05  6.4775632243133e+01  6.9664843751033e+01  3.3033012419377e+01  3.1660688799108e+01
  1.4142394279023e+04  ms.18r5.b1         3  6.6667443918525e-05  4.8845990597476e+01  5.6369897774265e+02  3.3295654084755e+01  3.1701998586196e+01
  1.4195845763119e+04  ms.19r5.b1         3 -4.1264560099350e-05  5.6075292148624e+02  4.3489008539929e+01  3.3345366062126e+01  3.1760293395176e+01
  1.4249297247216e+04  ms.20r5.b1         3  1.8265500000000e-05  6.2093727879304e+01  5.9906067290564e+01  3.3393942221937e+01  3.1996858080710e+01
  1.4302748731312e+04  ms.21r5.b1         3 -1.1070000000000e-05  5.9558996501838e+01  7.1273737350002e+01  3.3551583223404e+01  3.2161054312070e+01
  1.4356200215409e+04  ms.22r5.b1         3  6.6667443918525e-05  5.2823426781950e+01  5.5906176866011e+02  3.3797569353716e+01  3.2202057373307e+01
  1.4409651699505e+04  ms.23r5.b1         3 -4.1264560099350e-05  5.5800059688808e+02  4.5605280752579e+01  3.3845433710458e+01  3.2259167297607e+01
  1.4463103183602e+04  ms.24r5.b1         3  1.8265500000000e-05  6.6720250371093e+01  5.7735109832960e+01  3.3892361942940e+01  3.2488001942237e+01
  1.4516554667698e+04  ms.25r5.b1         3 -1.1070000000000e-05  6.4710669501296e+01  6.9649038706838e+01  3.4033234761846e+01  3.2660677921113e+01
  1.4570006151795e+04  ms.26r5.b1         3  6.6667443918525e-05  4.8884527819519e+01  5.6364950330813e+02  3.4295659869170e+01  3.2701994358229e+01
  1.4623457635891e+04  ms.27r5.b1         3 -4.1264560099350e-05  5.6064280154561e+02  4.3494490214061e+01  3.4345356630023e+01  3.2760287999094e+01
  1.4676909119988e+04  ms.28r5.b1         3  1.8265500000000e-05  6.2026145492860e+01  5.9901358803976e+01  3.4393965027682e+01  3.2996808145947e+01
  1.4783812088181e+04  ms.30r5.b1         3  6.6667443918525e-05  5.2863309464124e+01  5.5900389721891e+02  3.4797569232741e+01  3.3202053404833e+01
  1.4837263572278e+04  ms.31r5.b1         3 -4.1264560099350e-05  5.5788184784421e+02  4.5609939013122e+01  3.4845420216960e+01  3.3259163370407e+01
  1.4890715056374e+04  ms.32r5.b1         3  1.8265500000000e-05  6.6647373489543e+01  5.7733592627662e+01  3.4892380017837e+01  3.3487952938377e+01
  1.4997618024567e+04  ms.34l6.b1         3  6.6667443918525e-05  4.8923889462669e+01  5.6361868311755e+02  3.5295675864275e+01  3.3701989427510e+01
  1.5104520992760e+04  ms.32l6.b1         3  1.8265500000000e-05  6.7034349563284e+01  5.9790383843400e+01  3.5392060337168e+01  3.3998463359637e+01
  1.5157972476857e+04  ms.31l6.b1         3 -1.1070000000000e-05  6.4852271993170e+01  7.1974407762604e+01  3.5532266523059e+01  3.4161623096630e+01
  1.5211423960953e+04  ms.30l6.b1         3  6.6667443918525e-05  4.8821888644196e+01  5.6305058517516e+02  3.5795579042809e+01  3.4202273565088e+01
  1.5318326929146e+04  ms.28l6.b1         3  1.8265500000000e-05  6.6664291084269e+01  5.7755468777949e+01  3.5892384709930e+01  3.4488018446373e+01
  1.5371778413243e+04  ms.27l6.b1         3 -1.1070000000000e-05  6.4655381754894e+01  6.9638444537859e+01  3.6033422467224e+01  3.4660664225425e+01
  1.5425229897339e+04  ms.26l6.b1         3  6.6667443918525e-05  4.8918053896991e+01  5.6348501248939e+02  3.6295674281423e+01  3.4701990047528e+01
  1.5478681381436e+04  ms.25l6.b1         3 -4.1264560099350e-05  5.6057855092062e+02  4.3478713586408e+01  3.6345356376855e+01  3.4760303675312e+01
  1.5532132865532e+04  ms.24l6.b1         3  1.8265500000000e-05  6.1972965863139e+01  5.9923118151280e+01  3.6393989176519e+01  3.4996823452722e+01
  1.5585584349629e+04  ms.23l6.b1         3 -1.1070000000000e-05  5.9483351981231e+01  7.1247885642603e+01  3.6552021779185e+01  3.5161030085690e+01
  1.5639035833726e+04  ms.22l6.b1         3  6.6667443918525e-05  5.2898038903975e+01  5.5884933681293e+02  3.6797586492454e+01  3.5202048725245e+01
  1.5692487317822e+04  ms.21l6.b1         3 -4.1264560099350e-05  5.5782453254772e+02  4.5595117903059e+01  3.6845423809442e+01  3.5259176648076e+01
  1.5745938801919e+04  ms.20l6.b1         3  1.8265500000000e-05  6.6593074981693e+01  5.7752430390257e+01  3.6892405813387e+01  3.5487965487053e+01
  1.5799390286015e+04  ms.19l6.b1         3 -1.1070000000000e-05  6.4590924769083e+01  6.9622660699882e+01  3.7033645251966e+01  3.5660653348637e+01
  1.5852841770112e+04  ms.18l6.b1         3  6.6667443918525e-05  4.8956664513141e+01  5.6343559633860e+02  3.7295680082461e+01  3.5701985817366e+01
  1.5906293254208e+04  ms.17l6.b1         3 -4.1264560099350e-05  5.6046887917477e+02  4.3484187119210e+01  3.7345346943508e+01  3.5760298279288e+01
  1.5959744738305e+04  ms.16l6.b1         3  1.8265500000000e-05  6.1905481625382e+01  5.9918423527362e+01  3.7394012016011e+01  3.5996773576610e+01
  1.6013196222401e+04  ms.15l6.b1         3 -1.1070000000000e-05  5.9443529816327e+01  7.1232482379789e+01  3.7552259618401e+01  3.6161019409234e+01
  1.6066647706498e+04  ms.14l6.b1         3  6.6667443918525e-05  5.2937923702131e+01  5.5880032858818e+02  3.7797590636399e+01  3.6202044424166e+01
  1.6120099190594e+04  ms.13l6.b1         3 -4.1264560099350e-05  5.6137454383655e+02  4.3353337991659e+01  3.7845318802980e+01  3.6260625014561e+01
  1.6173550674691e+04  ms.12l6.b1         3  1.8265500000000e-05  6.9203050221764e+01  6.0034865941415e+01  3.7891193767026e+01  3.6499925819870e+01
  1.6228273158787e+04  ms.11l6.b1         3 -1.1070000000000e-05  6.2067570927986e+01  8.0858380570525e+01  3.8029442615282e+01  3.6662855039616e+01
  1.7100235473969e+04  ms.11r6.b1         3  2.2134967893495e-05  3.9761531333975e+01  1.6951549344392e+02  3.9585969745709e+01  3.8086565846345e+01
  1.7153690958065e+04  ms.12r6.b1         3 -1.2137967247712e-05  1.7801671605330e+02  3.0629897199255e+01  3.9689817028377e+01  3.8227708046281e+01
  1.7207142442162e+04  ms.13r6.b1         3  2.2134967893495e-05  3.1899244892128e+01  1.7689099075151e+02  3.9823611439608e+01  3.8348899159141e+01
  1.7260593926258e+04  ms.14r6.b1         3 -1.2137967247712e-05  1.7573128471010e+02  3.2330525682652e+01  3.9942382251967e+01  3.8481930637054e+01
  1.7314045410355e+04  ms.15r6.b1         3  2.2134967893495e-05  3.1631316124512e+01  1.7630213299305e+02  4.0077877267958e+01  3.8599553110064e+01
  1.7367496894451e+04  ms.16r6.b1         3 -1.2137967247712e-05  1.7615034843493e+02  3.2543389945136e+01  4.0197094703111e+01  3.8732300898181e+01
  1.7420948378548e+04  ms.17r6.b1         3  2.2134967893495e-05  3.1894129194841e+01  1.7688873964059e+02  4.0331627697987e+01  3.8849209775137e+01
  1.7474399862644e+04  ms.18r6.b1         3 -1.2137967247712e-05  1.7565487899935e+02  3.2330442499988e+01  4.0450442322028e+01  3.8982242600031e+01
  1.7527851346741e+04  ms.19r6.b1         3  2.2134967893495e-05  3.1637259645265e+01  1.7630422390014e+02  4.0585959776373e+01  3.9099864399530e+01
  1.7581302830838e+04  ms.20r6.b1         3 -1.2137967247712e-05  1.7622539454531e+02  3.2543544182354e+01  4.0705131804307e+01  3.9232610731448e+01
  1.7634754314934e+04  ms.21r6.b1         3  2.2134967893495e-05  3.1887508924285e+01  1.7688666631063e+02  4.0839645208722e+01  3.9349520110191e+01
  1.7688205799031e+04  ms.22r6.b1         3 -1.2137967247712e-05  1.7558141306776e+02  3.2330186860511e+01  4.0958505926713e+01  3.9482554663270e+01
  1.7741657283127e+04  ms.23r6.b1         3  2.2134967893495e-05  3.1644365266325e+01  1.7630646086911e+02  4.1094040987099e+01  3.9600176116062e+01
  1.7795108767224e+04  ms.24r6.b1         3 -1.2137967247712e-05  1.7629729915507e+02  3.2543732323407e+01  4.1213166252496e+01  3.9732920827745e+01
  1.7848560251320e+04  ms.25r6.b1         3  2.2134967893495e-05  3.1879809051559e+01  1.7688439941021e+02  4.1347664726867e+01  3.9849830712070e+01
  1.7902011735417e+04  ms.26r6.b1         3 -1.2137967247712e-05  1.7551121411183e+02  3.2330105162862e+01  4.1466572705712e+01  3.9982866616031e+01
  1.7955463219513e+04  ms.27r6.b1         3  2.2134967893495e-05  3.1652820606914e+01  1.7630856999826e+02  4.1602119828685e+01  4.0100487384522e+01
  1.8008914703610e+04  ms.28r6.b1         3 -1.2137967247712e-05  1.7636540885829e+02  3.2543874535648e+01  4.1721196814683e+01  4.0233230663437e+01
  1.8062366187706e+04  ms.29r6.b1         3  2.2134967893495e-05  3.1870737822022e+01  1.7688232363029e+02  4.1855686170225e+01  4.0350141077133e+01
  1.8169269155899e+04  ms.31r6.b1         3  2.2134967893495e-05  3.1663514398025e+01  1.7630955194633e+02  4.2110193277320e+01  4.0600799621442e+01
  1.8222720639996e+04  ms.32r6.b1         3 -1.2137967247712e-05  1.7642853000299e+02  3.2544069109754e+01  4.2229218897989e+01  4.0733541887306e+01
  1.8276172124092e+04  ms.33r6.b1         3  2.2134967893495e-05  3.1859554729788e+01  1.7688129977629e+02  4.2363707636061e+01  4.0850452287318e+01
  1.8383075092285e+04  ms.33l7.b1         3  2.2134967893495e-05  3.1675185697761e+01  1.7631057702799e+02  4.2618263878343e+01  4.1101111326830e+01
  1.8489978060479e+04  ms.31l7.b1         3  2.2134967893495e-05  3.1848545003784e+01  1.7687911058179e+02  4.2871728890847e+01  4.1350763723564e+01
  1.8543429544575e+04  ms.30l7.b1         3 -1.2137967247712e-05  1.7533052969390e+02  3.2329527343106e+01  4.2990785246303e+01  4.1483803833969e+01
  1.8596881028672e+04  ms.29l7.b1         3  2.2134967893495e-05  3.1685422954226e+01  1.7631402371380e+02  4.3126332418111e+01  4.1601423655383e+01
  1.8703783996865e+04  ms.27l7.b1         3  2.2134967893495e-05  3.1837892212913e+01  1.7687565912431e+02  4.3379755529100e+01  4.1851074761771e+01
  1.8757235480961e+04  ms.26l7.b1         3 -1.2137967247712e-05  1.7528127462106e+02  3.2329445110451e+01  4.3498857349701e+01  4.1984116814372e+01
  1.8810686965058e+04  ms.25l7.b1         3  2.2134967893495e-05  3.1696621471575e+01  1.7631732439386e+02  4.3634397941352e+01  4.2101735462666e+01
  1.8864138449154e+04  ms.24l7.b1         3 -1.2137967247712e-05  1.7658416288959e+02  3.2544519783469e+01  4.3753281460515e+01  4.2234472646840e+01
  1.8917589933251e+04  ms.23l7.b1         3  2.2134967893495e-05  3.1825140584865e+01  1.7687357565536e+02  4.3887788049323e+01  4.2351385190223e+01
  1.8971041417347e+04  ms.22l7.b1         3 -1.2137967247712e-05  1.7523840540628e+02  3.2329208486049e+01  4.4006937556596e+01  4.2484428924567e+01
  1.9024492901444e+04  ms.21l7.b1         3  2.2134967893495e-05  3.1709561160374e+01  1.7631955673755e+02  4.4142463285805e+01  4.2602047185490e+01
  1.9077944385540e+04  ms.20l7.b1         3 -1.2137967247712e-05  1.7662363190114e+02  3.2544723084651e+01  4.4261300276409e+01  4.2734782711157e+01
  1.9131395869637e+04  ms.19l7.b1         3  2.2134967893495e-05  3.1811977595687e+01  1.7687126824521e+02  4.4395823928162e+01  4.2851695743202e+01
  1.9184847353733e+04  ms.18l7.b1         3 -1.2137967247712e-05  1.7520233442206e+02  3.2329126176199e+01  4.4515019253188e+01  4.2984740850504e+01
  1.9238298837830e+04  ms.17l7.b1         3  2.2134967893495e-05  3.1723123073587e+01  1.7632172330654e+02  4.4650524836339e+01  4.3102358404986e+01
  1.9291750321926e+04  ms.16l7.b1         3 -1.2137967247712e-05  1.7665603389292e+02  3.2544830993367e+01  4.4769316842215e+01  4.3235092562014e+01
  1.9345201806023e+04  ms.15l7.b1         3  2.2134967893495e-05  3.1798109220208e+01  1.7686917952296e+02  4.4903863161243e+01  4.3352006204544e+01
  1.9398653290120e+04  ms.14l7.b1         3 -1.2137967247712e-05  1.7517379733813e+02  3.2328897543192e+01  4.5023102804821e+01  4.3485052974535e+01
  1.9452104774216e+04  ms.13l7.b1         3  2.2134967893495e-05  3.1684742028028e+01  1.7660532141300e+02  4.5158599896847e+01  4.3602667363283e+01
  1.9505556258313e+04  ms.12l7.b1         3 -1.2137967247712e-05  1.7488220871763e+02  3.3881013078499e+01  4.5277960107178e+01  4.3732098613690e+01
  1.9560278742409e+04  ms.11l7.b1         3  2.2134967893495e-05  3.0795700671208e+01  1.7231126509666e+02  4.5427697977879e+01  4.3846233506835e+01
  2.0433103057591e+04  ms.11r7.b1         3 -1.2137967247712e-05  1.7582279343159e+02  3.3777181811729e+01  4.7325839430533e+01  4.5314503003739e+01
  2.0486558541687e+04  ms.12r7.b1         3  2.2134967893495e-05  3.0605680791423e+01  1.7742503382471e+02  4.7464214746215e+01  4.5428688896505e+01
  2.0540010025784e+04  ms.13r7.b1         3 -1.2137967247712e-05  1.7522303738940e+02  3.2341793722936e+01  4.7586198813065e+01  4.5561548263602e+01
  2.0593461509880e+04  ms.14r7.b1         3  2.2134967893495e-05  3.1844846523452e+01  1.7690452615220e+02  4.7721346571944e+01  4.5678898560982e+01
  2.0646912993977e+04  ms.15r7.b1         3 -1.2137967247712e-05  1.7660089527610e+02  3.2531934650461e+01  4.7839880109603e+01  4.5811378446791e+01
  2.0700364478073e+04  ms.16r7.b1         3  2.2134967893495e-05  3.1677486015394e+01  1.7628646109719e+02  4.7974796400136e+01  4.5928558218571e+01
  2.0753815962170e+04  ms.17r7.b1         3 -1.2137967247712e-05  1.7526326123604e+02  3.2342009343259e+01  4.8094279933290e+01  4.6061860297208e+01
  2.0807267446266e+04  ms.18r7.b1         3  2.2134967893495e-05  3.1856264438438e+01  1.7690665138589e+02  4.8229374534619e+01  4.6179209244512e+01
  2.0860718930363e+04  ms.19r7.b1         3 -1.2137967247712e-05  1.7655720975295e+02  3.2531752647572e+01  4.8347899923494e+01  4.6311688569115e+01
  2.0914170414459e+04  ms.20r7.b1         3  2.2134967893495e-05  3.1666659097668e+01  1.7628420325507e+02  4.8482869362397e+01  4.6428869668060e+01
  2.0967621898556e+04  ms.21r7.b1         3 -1.2137967247712e-05  1.7531010768494e+02  3.2342310230201e+01  4.8602358433446e+01  4.6562172056315e+01
  2.1021073382652e+04  ms.22r7.b1         3  2.2134967893495e-05  3.1866684027790e+01  1.7690882622300e+02  4.8737399346904e+01  4.6679519442794e+01
  2.1074524866749e+04  ms.23r7.b1         3 -1.2137967247712e-05  1.7650722139059e+02  3.2531410715253e+01  4.8855921518644e+01  4.6811998611521e+01
  2.1127976350845e+04  ms.24r7.b1         3  2.2134967893495e-05  3.1656613404120e+01  1.7628216978494e+02  4.8990945153657e+01  4.6929181300415e+01
  2.1181427834942e+04  ms.25r7.b1         3 -1.2137967247712e-05  1.7536330413236e+02  3.2342536720885e+01  4.9110435255799e+01  4.7062484089084e+01
  2.1234879319039e+04  ms.26r7.b1         3  2.2134967893495e-05  3.1876121830014e+01  1.7691093065137e+02  4.9245422045571e+01  4.7179830109771e+01
  2.1288330803135e+04  ms.27r7.b1         3 -1.2137967247712e-05  1.7645104475175e+02  3.2531229702461e+01  4.9363945845510e+01  4.7312308724952e+01
  2.1341782287232e+04  ms.28r7.b1         3  2.2134967893495e-05  3.1647878264764e+01  1.7627992512947e+02  4.9499023157283e+01  4.7429492733496e+01
  2.1448685255425e+04  ms.30r7.b1         3  2.2134967893495e-05  3.1885458348590e+01  1.7691195591283e+02  4.9753438969581e+01  4.7680140780998e+01
  2.1502136739521e+04  ms.31r7.b1         3 -1.2137967247712e-05  1.7638938787778e+02  3.2530880937366e+01  4.9871966923618e+01  4.7812619826835e+01
  2.1555588223618e+04  ms.32r7.b1         3  2.2134967893495e-05  3.1639018250312e+01  1.7627904360748e+02  5.0007101130616e+01  4.7929804969255e+01
  2.1662491191811e+04  ms.34l8.b1         3  2.2134967893495e-05  3.1893691158113e+01  1.7691283069406e+02  5.0261453900493e+01  4.8180451924834e+01
  2.1769394160004e+04  ms.32l8.b1         3  2.2134967893495e-05  3.1632672994320e+01  1.7627690944613e+02  5.0515177763818e+01  4.8430117439284e+01
  2.1822845644100e+04  ms.31l8.b1         3 -1.2137967247712e-05  1.7555606609376e+02  3.2343358735211e+01  5.0634642471208e+01  4.8563420618907e+01
  2.1876297128197e+04  ms.30l8.b1         3  2.2134967893495e-05  3.1898239388102e+01  1.7691612016416e+02  5.0769467681548e+01  4.8680762683017e+01
  2.1983200096390e+04  ms.28l8.b1         3  2.2134967893495e-05  3.1628787670232e+01  1.7627362511262e+02  5.1023258148974e+01  4.8930429646306e+01
  2.2036651580486e+04  ms.27l8.b1         3 -1.2137967247712e-05  1.7562851969235e+02  3.2343608481785e+01  5.1142701349274e+01  4.9063733789807e+01
  2.2090103064583e+04  ms.26l8.b1         3  2.2134967893495e-05  3.1901390996618e+01  1.7691945014651e+02  5.1277480512732e+01  4.9181073935711e+01
  2.2143554548680e+04  ms.25l8.b1         3 -1.2137967247712e-05  1.7617731962714e+02  3.2530166027327e+01  5.1396060084250e+01  4.9313551199375e+01
  2.2197006032776e+04  ms.24l8.b1         3  2.2134967893495e-05  3.1625246699180e+01  1.7627141044435e+02  5.1531342565462e+01  4.9430741050046e+01
  2.2250457516873e+04  ms.23l8.b1         3 -1.2137967247712e-05  1.7570362916487e+02  3.2343892603012e+01  5.1650762349101e+01  4.9564045527449e+01
  2.2303909000969e+04  ms.22l8.b1         3  2.2134967893495e-05  3.1904259103077e+01  1.7692162782180e+02  5.1785494948317e+01  4.9681384149106e+01
  2.2357360485066e+04  ms.21l8.b1         3 -1.2137967247712e-05  1.7610108502500e+02  3.2529807681248e+01  5.1904099694194e+01  4.9813861299731e+01
  2.2410811969162e+04  ms.20l8.b1         3  2.2134967893495e-05  3.1622938620365e+01  1.7626939047100e+02  5.2039428006797e+01  4.9931052771490e+01
  2.2464263453259e+04  ms.19l8.b1         3 -1.2137967247712e-05  1.7578100556636e+02  3.2344153475520e+01  5.2158820547394e+01  5.0064357548748e+01
  2.2517714937355e+04  ms.18l8.b1         3  2.2134967893495e-05  3.1905822069194e+01  1.7692367170869e+02  5.2293509145077e+01  5.0181694752752e+01
  2.2571166421452e+04  ms.17l8.b1         3 -1.2137967247712e-05  1.7602279784489e+02  3.2529624569066e+01  5.2412142948700e+01  5.0314171385505e+01
  2.2624617905548e+04  ms.16l8.b1         3  2.2134967893495e-05  3.1622254026620e+01  1.7626719250929e+02  5.2547513538218e+01  5.0431364162700e+01
  2.2678069389645e+04  ms.15l8.b1         3 -1.2137967247712e-05  1.7585979077006e+02  3.2344431553153e+01  5.2666874460017e+01  5.0564669282034e+01
  2.2731520873741e+04  ms.14l8.b1         3  2.2134967893495e-05  3.1905799189954e+01  1.7692584894706e+02  5.2801522844754e+01  5.0682004975568e+01
  2.2784972357838e+04  ms.13l8.b1         3 -1.2137967247712e-05  1.7667320163117e+02  3.2389960627113e+01  5.2920182549946e+01  5.0814523578448e+01
  2.2838423841934e+04  ms.12l8.b1         3  2.2134967893495e-05  3.4725455134210e+01  1.7333417159018e+02  5.3047133944647e+01  5.0933302660385e+01
  2.2893146326031e+04  ms.11l8.b1         3 -1.2137967247712e-05  1.6697873166476e+02  3.4814433623581e+01  5.3161294826035e+01  5.1072095073079e+01
  2.3765100726031e+04  ms.11r8.b1         3  1.8265500000000e-05  6.5643756774096e+01  6.3227452748484e+01  5.5612069394943e+01  5.3388716556406e+01
  2.3818553241934e+04  ms.12r8.b1         3 -1.1070000000000e-05  5.8918403666729e+01  7.7250571961714e+01  5.5765436738250e+01  5.3536075320032e+01
  2.3872001757838e+04  ms.13r8.b1         3  7.5827591417610e-05  5.3355533210787e+01  5.5452110734589e+02  5.6008707687989e+01  5.3575626849289e+01
  2.3925450273741e+04  ms.14r8.b1         3 -4.5671562124830e-05  5.5603835445455e+02  4.2123708963239e+01  5.6056409176832e+01  5.3635413584281e+01
  2.3978898789645e+04  ms.15r8.b1         3  1.8265500000000e-05  6.0735515531761e+01  6.1630377265445e+01  5.6105755146686e+01  5.3875702883361e+01
  2.4032347305548e+04  ms.16r8.b1         3 -1.1070000000000e-05  5.9096984107133e+01  7.2140578905964e+01  5.6267105708814e+01  5.4034697039936e+01
  2.4085795821452e+04  ms.17r8.b1         3  7.5827591417610e-05  5.3345143926090e+01  5.5453220822532e+02  5.6508691136773e+01  5.4075614794587e+01
  2.4139244337355e+04  ms.18r8.b1         3 -4.5671562124830e-05  5.5598150402476e+02  4.2130525007579e+01  5.6556398269359e+01  5.4135393705726e+01
  2.4192692853259e+04  ms.19r8.b1         3  1.8265500000000e-05  6.0775465878751e+01  6.1620126685427e+01  5.6605730099662e+01  5.4375689744089e+01
  2.4246141369162e+04  ms.20r8.b1         3 -1.1070000000000e-05  5.9137197325447e+01  7.2150717717454e+01  5.6766911598736e+01  5.4534688714549e+01
  2.4299589885066e+04  ms.21r8.b1         3  7.5827591417610e-05  5.3307015393736e+01  5.5464499765818e+02  5.7008655082671e+01  5.4575600725200e+01
  2.4353038400969e+04  ms.22r8.b1         3 -4.5671562124830e-05  5.5593095436507e+02  4.2131983461067e+01  5.7056383750453e+01  5.4635374348343e+01
  2.4406486916873e+04  ms.23r8.b1         3  1.8265500000000e-05  6.0772725962090e+01  6.1617488777342e+01  5.7105719031109e+01  5.4875680240507e+01
  2.4459935432776e+04  ms.24r8.b1         3 -1.1070000000000e-05  5.9144240819701e+01  7.2152863295487e+01  5.7266889421826e+01  5.5034679203439e+01
  2.4513383948680e+04  ms.25r8.b1         3  7.5827591417610e-05  5.3296769549395e+01  5.5465594644366e+02  5.7508638634220e+01  5.5075588727630e+01
  2.4566832464583e+04  ms.26r8.b1         3 -4.5671562124830e-05  5.5587392630005e+02  4.2138767043806e+01  5.7556372848056e+01  5.5135354502051e+01
  2.4620280980486e+04  ms.27r8.b1         3  1.8265500000000e-05  6.0812650770723e+01  6.1607286806095e+01  5.7605694023182e+01  5.5375667266533e+01
  2.4673729496390e+04  ms.28r8.b1         3 -1.1070000000000e-05  5.9184634324142e+01  7.2163040872810e+01  5.7766695564739e+01  5.5534670889402e+01
  2.4727178012293e+04  ms.29r8.b1         3  7.5827591417610e-05  5.3258664814286e+01  5.5476874464899e+02  5.8008602553101e+01  5.5575574662188e+01
  2.4834075044100e+04  ms.31r8.b1         3  1.8265500000000e-05  6.0826343421417e+01  6.1604447485496e+01  5.8105676112414e+01  5.5875663600118e+01
  2.4887523560004e+04  ms.32r8.b1         3 -1.1070000000000e-05  5.9205298446703e+01  7.2168386252899e+01  5.8266603861472e+01  5.6034662969677e+01
  2.4940972075907e+04  ms.33r8.b1         3  7.5827591417610e-05  5.3230235471506e+01  5.5475288909642e+02  5.8508578432120e+01  5.6075562825331e+01
  2.5047869107714e+04  ms.33l1.b1         3  1.8265500000000e-05  6.0862155043177e+01  6.1585833410039e+01  5.8605648989539e+01  5.6375570673391e+01
  2.5154766139521e+04  ms.31l1.b1         3  7.5827591417610e-05  5.3212151342009e+01  5.5483271105323e+02  5.9008555117496e+01  5.6575547042138e+01
  2.5208214655425e+04  ms.30l1.b1         3 -4.5671562124830e-05  5.5579945408657e+02  4.2163415429454e+01  5.9056333293777e+01  5.6635286445807e+01
  2.5261663171328e+04  ms.29l1.b1         3  1.8265500000000e-05  6.0862880400217e+01  6.1574120695416e+01  5.9105636831160e+01  5.6875538123667e+01
  2.5368560203135e+04  ms.27l1.b1         3  7.5827591417610e-05  5.3199718345366e+01  5.5484253400057e+02  5.9508535558980e+01  5.7075535002867e+01
  2.5422008719039e+04  ms.26l1.b1         3 -4.5671562124830e-05  5.5573890183995e+02  4.2169545318235e+01  5.9556320635055e+01  5.7135267332041e+01
  2.5475457234942e+04  ms.25l1.b1         3  1.8265500000000e-05  6.0902093054023e+01  6.1564830968827e+01  5.9605610562962e+01  5.7375527128198e+01
  2.5528905750845e+04  ms.24l1.b1         3 -1.1070000000000e-05  5.9278980921468e+01  7.2158983301301e+01  5.9766223741829e+01  5.7534623024938e+01
  2.5582354266749e+04  ms.23l1.b1         3  7.5827591417610e-05  5.3161652141279e+01  5.5495528862755e+02  6.0008499422071e+01  5.7575520943919e+01
  2.5635802782652e+04  ms.22l1.b1         3 -4.5671562124830e-05  5.5568819336276e+02  4.2171087882730e+01  6.0056306092845e+01  5.7635247927021e+01
  2.5689251298556e+04  ms.21l1.b1         3  1.8265500000000e-05  6.0899400112458e+01  6.1562083114453e+01  6.0105599451006e+01  5.7875517195688e+01
  2.5742699814459e+04  ms.20l1.b1         3 -1.1070000000000e-05  5.9286123125539e+01  7.2161021290572e+01  6.0266201317910e+01  5.8034613488528e+01
  2.5796148330363e+04  ms.19l1.b1         3  7.5827591417610e-05  5.3151355338767e+01  5.5496614352279e+02  6.0508482914193e+01  5.8075508952126e+01
  2.5849596846266e+04  ms.18l1.b1         3 -4.5671562124830e-05  5.5563058727529e+02  4.2177777153637e+01  6.0556295209204e+01  5.8135228180284e+01
  2.5903045362170e+04  ms.17l1.b1         3  1.8265500000000e-05  6.0939255972220e+01  6.1552026674262e+01  6.0605574569050e+01  5.8375504681566e+01
  2.5956493878073e+04  ms.16l1.b1         3 -1.1070000000000e-05  5.9327097707334e+01  7.2171299376298e+01  6.0766008212469e+01  5.8534605203111e+01
  2.6009942393977e+04  ms.15l1.b1         3  7.5827591417610e-05  5.3113312949480e+01  5.5507890642155e+02  6.1008446750126e+01  5.8575494897111e+01
  2.6063390909880e+04  ms.14l1.b1         3 -4.5671562124830e-05  5.5557982517645e+02  4.2179351846407e+01  6.1056280658765e+01  5.8635208755280e+01
  2.6116839425784e+04  ms.13l1.b1         3  1.8265500000000e-05  6.1760640682849e+01  6.0833324134736e+01  6.1105499466341e+01  5.8875554043880e+01
  2.6170287941687e+04  ms.12l1.b1         3 -1.1070000000000e-05  6.5004585410328e+01  6.7527760444115e+01  6.1252910848290e+01  5.9046179992700e+01
  2.6225007457591e+04  ms.11l1.b1         3  7.5827591417610e-05  5.5549762547394e+01  5.2287959565244e+02  6.1518759759477e+01  5.9088844666746e+01
  2.6277750168193e+04  ms.10l1.b1         3 -4.5671562124830e-05  6.2237814079827e+02  1.2830563943742e+01  6.1560453127596e+01  5.9465087347853e+01
  2.6658883200000e+04  end_marker       100  0.0000000000000e+00  1.5074690647022e-01  1.5023395115941e-01  6.2310185821306e+01  6.0320040159828e+01
